 &plot nbnd=   8, nks=    39 /
           -0.500000  0.500000  0.500000
   -3.609   -0.997    4.737    4.737    7.382    9.266    9.266   13.473
           -0.450000  0.450000  0.450000
   -3.743   -0.801    4.755    4.755    7.402    9.286    9.286   13.504
           -0.400000  0.400000  0.400000
   -4.060   -0.301    4.808    4.808    7.463    9.339    9.339   13.584
           -0.350000  0.350000  0.350000
   -4.435    0.377    4.897    4.897    7.564    9.405    9.405   13.631
           -0.300000  0.300000  0.300000
   -4.802    1.164    5.019    5.019    7.702    9.448    9.448   13.336
           -0.250000  0.250000  0.250000
   -5.133    2.025    5.173    5.173    7.873    9.415    9.415   12.612
           -0.200000  0.200000  0.200000
   -5.413    2.936    5.352    5.352    8.067    9.271    9.271   11.760
           -0.150000  0.150000  0.150000
   -5.635    3.870    5.544    5.544    8.268    9.032    9.032   10.879
           -0.100000  0.100000  0.100000
   -5.796    4.783    5.729    5.729    8.443    8.768    8.768   10.023
           -0.050000  0.050000  0.050000
   -5.893    5.567    5.870    5.870    8.524    8.560    8.560    9.325
            0.000000  0.000000  0.000000
   -5.926    5.925    5.925    5.925    8.480    8.480    8.480    9.073
            0.000000  0.000000  0.090909
   -5.890    5.687    5.780    5.780    8.390    8.669    8.669    9.303
            0.000000  0.000000  0.181818
   -5.783    5.117    5.436    5.436    8.151    9.141    9.141    9.807
            0.000000  0.000000  0.272727
   -5.604    4.403    5.024    5.024    7.831    9.766    9.766   10.187
            0.000000  0.000000  0.363636
   -5.356    3.630    4.611    4.611    7.491    9.970   10.473   10.473
            0.000000  0.000000  0.454545
   -5.038    2.833    4.229    4.229    7.171    9.353   11.227   11.227
            0.000000  0.000000  0.545455
   -4.653    2.027    3.893    3.893    6.895    8.682   12.012   12.012
            0.000000  0.000000  0.636364
   -4.203    1.222    3.611    3.611    6.680    8.069   12.818   12.818
            0.000000  0.000000  0.727273
   -3.690    0.426    3.388    3.388    6.536    7.549   13.642   13.642
            0.000000  0.000000  0.818182
   -3.119   -0.351    3.227    3.227    6.471    7.132   14.477   14.477
            0.000000  0.000000  0.909091
   -2.494   -1.103    3.130    3.130    6.493    6.819   15.296   15.296
            0.000000  0.000000  1.000000
   -1.820   -1.820    3.098    3.098    6.608    6.608   15.830   15.830
           -0.000000  0.083333  1.000000
   -1.810   -1.810    3.009    3.009    6.772    6.772   15.542   15.542
            0.000000  0.166667  1.000000
   -1.781   -1.781    2.791    2.791    7.218    7.218   14.696   14.696
            0.000000  0.250000  1.000000
   -1.741   -1.741    2.533    2.533    7.860    7.860   13.655   13.655
           -0.000000  0.333333  1.000000
   -1.699   -1.699    2.305    2.305    8.631    8.631   12.592   12.592
            0.000000  0.416667  1.000000
   -1.667   -1.667    2.151    2.151    9.480    9.480   11.569   11.569
            0.000000  0.500000  1.000000
   -1.655   -1.655    2.097    2.097   10.140   10.140   10.851   10.851
            0.000000  0.562500  0.937500
   -1.904   -1.429    1.905    2.407    9.236   10.172   11.321   11.391
            0.000000  0.625000  0.875000
   -2.082   -1.306    1.764    2.859    8.208   10.087   12.004   12.257
            0.000000  0.687500  0.812500
   -2.189   -1.251    1.678    3.312    7.418   10.020   12.740   13.184
            0.000000  0.750000  0.750000
   -2.225   -1.237    1.649    3.522    7.099    9.996   13.309   13.795
           -0.071429  0.714286  0.714286
   -2.491   -1.002    1.640    3.664    7.270   10.737   12.626   12.809
           -0.142857  0.678571  0.678571
   -2.808   -0.838    1.904    3.849    7.503   11.396   11.785   11.930
           -0.214286  0.642857  0.642857
   -3.088   -0.814    2.419    4.067    7.778   10.700   10.992   12.505
           -0.285714  0.607143  0.607143
   -3.313   -0.864    3.087    4.299    8.031    9.832   10.301   13.359
           -0.357143  0.571429  0.571429
   -3.477   -0.930    3.805    4.516    8.044    9.269    9.753   13.840
           -0.428571  0.535714  0.535714
   -3.576   -0.979    4.444    4.677    7.643    9.216    9.393   13.618
           -0.500000  0.500000  0.500000
   -3.609   -0.997    4.737    4.737    7.382    9.266    9.266   13.473
