# energy grid [eV]  eels components [arbitrary units]
#
    0.000000000    0.000000000    0.000000000    0.000000000
    0.015015015    0.000000617    0.000000616    0.000000122
    0.030030030    0.000001233    0.000001231    0.000000244
    0.045045045    0.000001850    0.000001847    0.000000366
    0.060060060    0.000002467    0.000002463    0.000000487
    0.075075075    0.000003084    0.000003079    0.000000609
    0.090090090    0.000003702    0.000003696    0.000000731
    0.105105105    0.000004320    0.000004313    0.000000853
    0.120120120    0.000004938    0.000004930    0.000000975
    0.135135135    0.000005557    0.000005548    0.000001097
    0.150150150    0.000006176    0.000006166    0.000001219
    0.165165165    0.000006796    0.000006785    0.000001341
    0.180180180    0.000007417    0.000007405    0.000001463
    0.195195195    0.000008038    0.000008025    0.000001585
    0.210210210    0.000008661    0.000008646    0.000001707
    0.225225225    0.000009284    0.000009268    0.000001830
    0.240240240    0.000009908    0.000009891    0.000001952
    0.255255255    0.000010533    0.000010515    0.000002074
    0.270270270    0.000011159    0.000011141    0.000002197
    0.285285285    0.000011786    0.000011767    0.000002319
    0.300300300    0.000012415    0.000012394    0.000002442
    0.315315315    0.000013044    0.000013023    0.000002564
    0.330330330    0.000013675    0.000013653    0.000002687
    0.345345345    0.000014308    0.000014284    0.000002810
    0.360360360    0.000014942    0.000014917    0.000002933
    0.375375375    0.000015577    0.000015551    0.000003056
    0.390390390    0.000016214    0.000016187    0.000003179
    0.405405405    0.000016853    0.000016825    0.000003302
    0.420420420    0.000017493    0.000017464    0.000003425
    0.435435435    0.000018135    0.000018105    0.000003549
    0.450450450    0.000018779    0.000018748    0.000003672
    0.465465465    0.000019425    0.000019393    0.000003796
    0.480480480    0.000020073    0.000020040    0.000003920
    0.495495495    0.000020723    0.000020689    0.000004044
    0.510510511    0.000021375    0.000021340    0.000004167
    0.525525526    0.000022029    0.000021993    0.000004292
    0.540540541    0.000022686    0.000022648    0.000004416
    0.555555556    0.000023345    0.000023306    0.000004540
    0.570570571    0.000024006    0.000023967    0.000004665
    0.585585586    0.000024670    0.000024629    0.000004790
    0.600600601    0.000025336    0.000025295    0.000004914
    0.615615616    0.000026005    0.000025963    0.000005039
    0.630630631    0.000026677    0.000026633    0.000005165
    0.645645646    0.000027351    0.000027307    0.000005290
    0.660660661    0.000028029    0.000027983    0.000005415
    0.675675676    0.000028709    0.000028663    0.000005541
    0.690690691    0.000029393    0.000029345    0.000005667
    0.705705706    0.000030079    0.000030030    0.000005793
    0.720720721    0.000030769    0.000030719    0.000005919
    0.735735736    0.000031462    0.000031411    0.000006046
    0.750750751    0.000032158    0.000032106    0.000006172
    0.765765766    0.000032858    0.000032805    0.000006299
    0.780780781    0.000033561    0.000033507    0.000006426
    0.795795796    0.000034268    0.000034213    0.000006553
    0.810810811    0.000034978    0.000034922    0.000006681
    0.825825826    0.000035693    0.000035636    0.000006808
    0.840840841    0.000036411    0.000036353    0.000006936
    0.855855856    0.000037133    0.000037074    0.000007064
    0.870870871    0.000037859    0.000037799    0.000007192
    0.885885886    0.000038589    0.000038528    0.000007321
    0.900900901    0.000039324    0.000039262    0.000007450
    0.915915916    0.000040063    0.000039999    0.000007579
    0.930930931    0.000040806    0.000040742    0.000007708
    0.945945946    0.000041554    0.000041488    0.000007837
    0.960960961    0.000042306    0.000042240    0.000007967
    0.975975976    0.000043063    0.000042996    0.000008097
    0.990990991    0.000043825    0.000043757    0.000008227
    1.006006006    0.000044592    0.000044522    0.000008358
    1.021021021    0.000045364    0.000045293    0.000008489
    1.036036036    0.000046141    0.000046069    0.000008620
    1.051051051    0.000046923    0.000046850    0.000008751
    1.066066066    0.000047710    0.000047636    0.000008883
    1.081081081    0.000048503    0.000048428    0.000009015
    1.096096096    0.000049302    0.000049226    0.000009147
    1.111111111    0.000050106    0.000050029    0.000009280
    1.126126126    0.000050916    0.000050838    0.000009413
    1.141141141    0.000051732    0.000051652    0.000009546
    1.156156156    0.000052554    0.000052473    0.000009679
    1.171171171    0.000053382    0.000053300    0.000009813
    1.186186186    0.000054216    0.000054133    0.000009947
    1.201201201    0.000055056    0.000054973    0.000010082
    1.216216216    0.000055904    0.000055819    0.000010217
    1.231231231    0.000056757    0.000056671    0.000010352
    1.246246246    0.000057618    0.000057531    0.000010487
    1.261261261    0.000058485    0.000058397    0.000010623
    1.276276276    0.000059360    0.000059271    0.000010759
    1.291291291    0.000060241    0.000060151    0.000010896
    1.306306306    0.000061130    0.000061039    0.000011033
    1.321321321    0.000062027    0.000061934    0.000011170
    1.336336336    0.000062931    0.000062837    0.000011308
    1.351351351    0.000063842    0.000063748    0.000011446
    1.366366366    0.000064762    0.000064666    0.000011584
    1.381381381    0.000065689    0.000065593    0.000011723
    1.396396396    0.000066625    0.000066527    0.000011862
    1.411411411    0.000067569    0.000067471    0.000012002
    1.426426426    0.000068522    0.000068422    0.000012142
    1.441441441    0.000069484    0.000069382    0.000012283
    1.456456456    0.000070454    0.000070352    0.000012424
    1.471471471    0.000071433    0.000071330    0.000012565
    1.486486486    0.000072421    0.000072317    0.000012707
    1.501501502    0.000073419    0.000073314    0.000012849
    1.516516517    0.000074427    0.000074320    0.000012991
    1.531531532    0.000075444    0.000075336    0.000013135
    1.546546547    0.000076471    0.000076362    0.000013278
    1.561561562    0.000077508    0.000077398    0.000013422
    1.576576577    0.000078555    0.000078444    0.000013567
    1.591591592    0.000079613    0.000079501    0.000013711
    1.606606607    0.000080681    0.000080568    0.000013857
    1.621621622    0.000081761    0.000081646    0.000014003
    1.636636637    0.000082851    0.000082736    0.000014149
    1.651651652    0.000083953    0.000083836    0.000014296
    1.666666667    0.000085067    0.000084949    0.000014443
    1.681681682    0.000086192    0.000086073    0.000014591
    1.696696697    0.000087329    0.000087209    0.000014740
    1.711711712    0.000088478    0.000088357    0.000014889
    1.726726727    0.000089640    0.000089518    0.000015038
    1.741741742    0.000090815    0.000090691    0.000015188
    1.756756757    0.000092002    0.000091878    0.000015339
    1.771771772    0.000093203    0.000093077    0.000015490
    1.786786787    0.000094417    0.000094290    0.000015642
    1.801801802    0.000095645    0.000095517    0.000015794
    1.816816817    0.000096887    0.000096758    0.000015947
    1.831831832    0.000098143    0.000098013    0.000016100
    1.846846847    0.000099414    0.000099282    0.000016254
    1.861861862    0.000100699    0.000100567    0.000016409
    1.876876877    0.000102000    0.000101866    0.000016564
    1.891891892    0.000103316    0.000103181    0.000016719
    1.906906907    0.000104648    0.000104512    0.000016876
    1.921921922    0.000105996    0.000105858    0.000017033
    1.936936937    0.000107360    0.000107221    0.000017190
    1.951951952    0.000108741    0.000108601    0.000017349
    1.966966967    0.000110139    0.000109998    0.000017508
    1.981981982    0.000111554    0.000111412    0.000017667
    1.996996997    0.000112987    0.000112844    0.000017827
    2.012012012    0.000114438    0.000114294    0.000017988
    2.027027027    0.000115908    0.000115763    0.000018150
    2.042042042    0.000117396    0.000117250    0.000018312
    2.057057057    0.000118904    0.000118756    0.000018475
    2.072072072    0.000120431    0.000120282    0.000018638
    2.087087087    0.000121979    0.000121829    0.000018803
    2.102102102    0.000123546    0.000123395    0.000018968
    2.117117117    0.000125135    0.000124982    0.000019134
    2.132132132    0.000126745    0.000126591    0.000019300
    2.147147147    0.000128377    0.000128222    0.000019467
    2.162162162    0.000130030    0.000129874    0.000019635
    2.177177177    0.000131707    0.000131549    0.000019804
    2.192192192    0.000133406    0.000133248    0.000019974
    2.207207207    0.000135130    0.000134970    0.000020144
    2.222222222    0.000136877    0.000136716    0.000020315
    2.237237237    0.000138649    0.000138487    0.000020487
    2.252252252    0.000140446    0.000140283    0.000020659
    2.267267267    0.000142269    0.000142105    0.000020833
    2.282282282    0.000144118    0.000143953    0.000021007
    2.297297297    0.000145995    0.000145828    0.000021182
    2.312312312    0.000147898    0.000147730    0.000021358
    2.327327327    0.000149830    0.000149660    0.000021535
    2.342342342    0.000151790    0.000151619    0.000021713
    2.357357357    0.000153779    0.000153608    0.000021891
    2.372372372    0.000155799    0.000155626    0.000022071
    2.387387387    0.000157849    0.000157675    0.000022251
    2.402402402    0.000159931    0.000159755    0.000022432
    2.417417417    0.000162044    0.000161867    0.000022614
    2.432432432    0.000164190    0.000164012    0.000022797
    2.447447447    0.000166370    0.000166191    0.000022981
    2.462462462    0.000168584    0.000168403    0.000023166
    2.477477477    0.000170833    0.000170651    0.000023352
    2.492492492    0.000173118    0.000172935    0.000023539
    2.507507508    0.000175440    0.000175255    0.000023727
    2.522522523    0.000177799    0.000177613    0.000023916
    2.537537538    0.000180196    0.000180010    0.000024105
    2.552552553    0.000182633    0.000182445    0.000024296
    2.567567568    0.000185110    0.000184921    0.000024488
    2.582582583    0.000187629    0.000187438    0.000024681
    2.597597598    0.000190190    0.000189998    0.000024875
    2.612612613    0.000192794    0.000192601    0.000025070
    2.627627628    0.000195442    0.000195248    0.000025266
    2.642642643    0.000198136    0.000197940    0.000025463
    2.657657658    0.000200876    0.000200679    0.000025661
    2.672672673    0.000203663    0.000203465    0.000025861
    2.687687688    0.000206500    0.000206301    0.000026061
    2.702702703    0.000209387    0.000209186    0.000026263
    2.717717718    0.000212325    0.000212123    0.000026466
    2.732732733    0.000215315    0.000215112    0.000026669
    2.747747748    0.000218360    0.000218155    0.000026875
    2.762762763    0.000221459    0.000221254    0.000027081
    2.777777778    0.000224616    0.000224409    0.000027288
    2.792792793    0.000227831    0.000227622    0.000027497
    2.807807808    0.000231105    0.000230896    0.000027707
    2.822822823    0.000234441    0.000234230    0.000027918
    2.837837838    0.000237839    0.000237627    0.000028131
    2.852852853    0.000241302    0.000241089    0.000028345
    2.867867868    0.000244832    0.000244617    0.000028560
    2.882882883    0.000248429    0.000248213    0.000028776
    2.897897898    0.000252097    0.000251879    0.000028994
    2.912912913    0.000255836    0.000255617    0.000029213
    2.927927928    0.000259649    0.000259429    0.000029433
    2.942942943    0.000263537    0.000263316    0.000029655
    2.957957958    0.000267504    0.000267281    0.000029878
    2.972972973    0.000271551    0.000271327    0.000030103
    2.987987988    0.000275679    0.000275454    0.000030329
    3.003003003    0.000279893    0.000279667    0.000030557
    3.018018018    0.000284194    0.000283966    0.000030785
    3.033033033    0.000288584    0.000288355    0.000031016
    3.048048048    0.000293066    0.000292836    0.000031248
    3.063063063    0.000297643    0.000297411    0.000031481
    3.078078078    0.000302318    0.000302085    0.000031716
    3.093093093    0.000307093    0.000306858    0.000031953
    3.108108108    0.000311971    0.000311736    0.000032191
    3.123123123    0.000316956    0.000316719    0.000032431
    3.138138138    0.000322051    0.000321813    0.000032672
    3.153153153    0.000327259    0.000327019    0.000032915
    3.168168168    0.000332584    0.000332343    0.000033160
    3.183183183    0.000338028    0.000337786    0.000033406
    3.198198198    0.000343597    0.000343353    0.000033654
    3.213213213    0.000349293    0.000349048    0.000033904
    3.228228228    0.000355121    0.000354874    0.000034155
    3.243243243    0.000361085    0.000360837    0.000034409
    3.258258258    0.000367189    0.000366940    0.000034664
    3.273273273    0.000373438    0.000373188    0.000034921
    3.288288288    0.000379837    0.000379585    0.000035180
    3.303303303    0.000386390    0.000386137    0.000035440
    3.318318318    0.000393102    0.000392848    0.000035703
    3.333333333    0.000399980    0.000399724    0.000035967
    3.348348348    0.000407028    0.000406771    0.000036233
    3.363363363    0.000414252    0.000413994    0.000036502
    3.378378378    0.000421658    0.000421399    0.000036772
    3.393393393    0.000429253    0.000428993    0.000037044
    3.408408408    0.000437043    0.000436781    0.000037319
    3.423423423    0.000445035    0.000444772    0.000037595
    3.438438438    0.000453236    0.000452972    0.000037874
    3.453453453    0.000461654    0.000461388    0.000038154
    3.468468468    0.000470296    0.000470028    0.000038437
    3.483483483    0.000479170    0.000478901    0.000038722
    3.498498498    0.000488286    0.000488015    0.000039010
    3.513513514    0.000497651    0.000497379    0.000039299
    3.528528529    0.000507275    0.000507003    0.000039591
    3.543543544    0.000517169    0.000516895    0.000039885
    3.558558559    0.000527342    0.000527066    0.000040181
    3.573573574    0.000537805    0.000537528    0.000040480
    3.588588589    0.000548569    0.000548291    0.000040781
    3.603603604    0.000559646    0.000559367    0.000041085
    3.618618619    0.000571048    0.000570768    0.000041391
    3.633633634    0.000582789    0.000582508    0.000041700
    3.648648649    0.000594882    0.000594599    0.000042011
    3.663663664    0.000607342    0.000607058    0.000042325
    3.678678679    0.000620183    0.000619897    0.000042642
    3.693693694    0.000633421    0.000633134    0.000042961
    3.708708709    0.000647074    0.000646786    0.000043283
    3.723723724    0.000661158    0.000660868    0.000043607
    3.738738739    0.000675692    0.000675401    0.000043935
    3.753753754    0.000690696    0.000690404    0.000044265
    3.768768769    0.000706190    0.000705897    0.000044598
    3.783783784    0.000722197    0.000721902    0.000044934
    3.798798799    0.000738738    0.000738443    0.000045273
    3.813813814    0.000755839    0.000755542    0.000045615
    3.828828829    0.000773524    0.000773227    0.000045960
    3.843843844    0.000791822    0.000791523    0.000046308
    3.858858859    0.000810761    0.000810461    0.000046659
    3.873873874    0.000830370    0.000830069    0.000047014
    3.888888889    0.000850684    0.000850382    0.000047372
    3.903903904    0.000871735    0.000871432    0.000047733
    3.918918919    0.000893560    0.000893256    0.000048097
    3.933933934    0.000916198    0.000915892    0.000048465
    3.948948949    0.000939689    0.000939383    0.000048836
    3.963963964    0.000964078    0.000963771    0.000049211
    3.978978979    0.000989410    0.000989102    0.000049590
    3.993993994    0.001015736    0.001015427    0.000049972
    4.009009009    0.001043108    0.001042798    0.000050358
    4.024024024    0.001071582    0.001071272    0.000050747
    4.039039039    0.001101219    0.001100908    0.000051140
    4.054054054    0.001132083    0.001131771    0.000051538
    4.069069069    0.001164243    0.001163930    0.000051939
    4.084084084    0.001197772    0.001197458    0.000052344
    4.099099099    0.001232750    0.001232436    0.000052754
    4.114114114    0.001269262    0.001268947    0.000053167
    4.129129129    0.001307398    0.001307082    0.000053585
    4.144144144    0.001347257    0.001346941    0.000054007
    4.159159159    0.001388944    0.001388628    0.000054434
    4.174174174    0.001432573    0.001432257    0.000054865
    4.189189189    0.001478267    0.001477950    0.000055300
    4.204204204    0.001526158    0.001525841    0.000055740
    4.219219219    0.001576390    0.001576073    0.000056185
    4.234234234    0.001629118    0.001628801    0.000056635
    4.249249249    0.001684510    0.001684193    0.000057090
    4.264264264    0.001742748    0.001742431    0.000057549
    4.279279279    0.001804032    0.001803716    0.000058014
    4.294294294    0.001868578    0.001868262    0.000058484
    4.309309309    0.001936621    0.001936306    0.000058959
    4.324324324    0.002008419    0.002008105    0.000059440
    4.339339339    0.002084253    0.002083940    0.000059926
    4.354354354    0.002164432    0.002164120    0.000060418
    4.369369369    0.002249293    0.002248983    0.000060916
    4.384384384    0.002339210    0.002338902    0.000061419
    4.399399399    0.002434591    0.002434285    0.000061928
    4.414414414    0.002535887    0.002535584    0.000062444
    4.429429429    0.002643599    0.002643299    0.000062966
    4.444444444    0.002758279    0.002757982    0.000063494
    4.459459459    0.002880541    0.002880248    0.000064028
    4.474474474    0.003011068    0.003010778    0.000064569
    4.489489489    0.003150620    0.003150336    0.000065117
    4.504504505    0.003300049    0.003299770    0.000065672
    4.519519520    0.003460307    0.003460034    0.000066234
    4.534534535    0.003632465    0.003632200    0.000066803
    4.549549550    0.003817730    0.003817473    0.000067380
    4.564564565    0.004017462    0.004017214    0.000067964
    4.579579580    0.004233206    0.004232969    0.000068556
    4.594594595    0.004466716    0.004466492    0.000069156
    4.609609610    0.004719993    0.004719782    0.000069764
    4.624624625    0.004995325    0.004995131    0.000070381
    4.639639640    0.005295342    0.005295166    0.000071006
    4.654654655    0.005623075    0.005622922    0.000071639
    4.669669670    0.005982036    0.005981907    0.000072282
    4.684684685    0.006376304    0.006376205    0.000072934
    4.699699700    0.006810648    0.006810583    0.000073595
    4.714714715    0.007290664    0.007290639    0.000074266
    4.729729730    0.007822954    0.007822977    0.000074947
    4.744744745    0.008415353    0.008415432    0.000075638
    4.759759760    0.009077209    0.009077356    0.000076339
    4.774774775    0.009819751    0.009819979    0.000077051
    4.789789790    0.010656552    0.010656879    0.000077774
    4.804804805    0.011604143    0.011604590    0.000078509
    4.819819820    0.012682812    0.012683406    0.000079255
    4.834834835    0.013917662    0.013918439    0.000080014
    4.849849850    0.015340044    0.015341051    0.000080784
    4.864864865    0.016989488    0.016990786    0.000081568
    4.879879880    0.018916368    0.018918041    0.000082364
    4.894894895    0.021185622    0.021187781    0.000083174
    4.909909910    0.023882004    0.023884805    0.000083998
    4.924924925    0.027117658    0.027121320    0.000084837
    4.939939940    0.031043173    0.031048007    0.000085690
    4.954954955    0.035864048    0.035870510    0.000086558
    4.969969970    0.041865651    0.041874419    0.000087443
    4.984984985    0.049451749    0.049463852    0.000088344
    5.000000000    0.059205028    0.059222048    0.000089261
    5.015015015    0.071983424    0.072007827    0.000090196
    5.030030030    0.089074118    0.089109706    0.000091150
    5.045045045    0.112435330    0.112487636    0.000092122
    5.060060060    0.145048029    0.145123560    0.000093114
    5.075075075    0.191299597    0.191399662    0.000094126
    5.090090090    0.256844704    0.256943091    0.000095159
    5.105105105    0.345750402    0.345754220    0.000096214
    5.120120120    0.449651367    0.449441759    0.000097292
    5.135135135    0.529538363    0.529198750    0.000098393
    5.150150150    0.530294408    0.530093100    0.000099519
    5.165165165    0.451286412    0.451279765    0.000100671
    5.180180180    0.347357895    0.347427933    0.000101849
    5.195195195    0.258083990    0.258154612    0.000103056
    5.210210210    0.192182742    0.192235087    0.000104292
    5.225225225    0.145668806    0.145704390    0.000105558
    5.240240240    0.112876772    0.112900499    0.000106857
    5.255255255    0.089394577    0.089410480    0.000108190
    5.270270270    0.072221470    0.072232275    0.000109558
    5.285285285    0.059385914    0.059393372    0.000110963
    5.300300300    0.049592177    0.049597399    0.000112407
    5.315315315    0.041976859    0.041980560    0.000113893
    5.330330330    0.035953752    0.035956397    0.000115423
    5.345345345    0.031116777    0.031118675    0.000116999
    5.360360360    0.027179020    0.027180381    0.000118625
    5.375375375    0.023933929    0.023934896    0.000120302
    5.390390390    0.021230184    0.021230858    0.000122036
    5.405405405    0.018955124    0.018955578    0.000123828
    5.420420420    0.017023623    0.017023909    0.000125684
    5.435435435    0.015370472    0.015370629    0.000127608
    5.450450450    0.013945098    0.013945153    0.000129605
    5.465465465    0.012707820    0.012707795    0.000131681
    5.480480480    0.011627173    0.011627085    0.000133842
    5.495495495    0.010677966    0.010677827    0.000136096
    5.510510511    0.009839842    0.009839663    0.000138450
    5.525525526    0.009096220    0.009096008    0.000140914
    5.540540541    0.008433482    0.008433243    0.000143499
    5.555555556    0.007840366    0.007840106    0.000146218
    5.570570571    0.007307498    0.007307220    0.000149085
    5.585585586    0.006827022    0.006826728    0.000152116
    5.600600601    0.006392316    0.006392010    0.000155333
    5.615615616    0.005997769    0.005997455    0.000158760
    5.630630631    0.005638604    0.005638281    0.000162424
    5.645645646    0.005310727    0.005310398    0.000166362
    5.660660661    0.005010622    0.005010288    0.000170617
    5.675675676    0.004735248    0.004734910    0.000175243
    5.690690691    0.004481972    0.004481631    0.000180306
    5.705705706    0.004248498    0.004248156    0.000185893
    5.720720721    0.004032823    0.004032479    0.000192116
    5.735735736    0.003833188    0.003832843    0.000199120
    5.750750751    0.003648047    0.003647702    0.000207101
    5.765765766    0.003476034    0.003475690    0.000216322
    5.780780781    0.003315943    0.003315600    0.000227151
    5.795795796    0.003166700    0.003166359    0.000240106
    5.810810811    0.003027351    0.003027011    0.000255936
    5.825825826    0.002897043    0.002896706    0.000275744
    5.840840841    0.002775014    0.002774679    0.000301189
    5.855855856    0.002660580    0.002660249    0.000334792
    5.870870871    0.002553128    0.002552800    0.000380367
    5.885885886    0.002452102    0.002451778    0.000443383
    5.900900901    0.002357002    0.002356683    0.000530293
    5.915915916    0.002267378    0.002267063    0.000643354
    5.930930931    0.002182818    0.002182508    0.000764687
    5.945945946    0.002102950    0.002102645    0.000839507
    5.960960961    0.002027436    0.002027137    0.000815949
    5.975975976    0.001955967    0.001955674    0.000719019
    5.990990991    0.001888262    0.001887974    0.000612223
    6.006006006    0.001824062    0.001823781    0.000528237
    6.021021021    0.001763131    0.001762857    0.000470522
    6.036036036    0.001705254    0.001704988    0.000433356
    6.051051051    0.001650231    0.001649973    0.000410756
    6.066066066    0.001597880    0.001597630    0.000398370
    6.081081081    0.001548032    0.001547791    0.000393337
    6.096096096    0.001500533    0.001500301    0.000393842
    6.111111111    0.001455238    0.001455015    0.000398754
    6.126126126    0.001412016    0.001411803    0.000407401
    6.141141141    0.001370743    0.001370540    0.000419417
    6.156156156    0.001331306    0.001331114    0.000434655
    6.171171171    0.001293600    0.001293419    0.000453145
    6.186186186    0.001257526    0.001257357    0.000475060
    6.201201201    0.001222993    0.001222837    0.000500715
    6.216216216    0.001189918    0.001189775    0.000530571
    6.231231231    0.001158220    0.001158090    0.000565252
    6.246246246    0.001127826    0.001127711    0.000605583
    6.261261261    0.001098668    0.001098568    0.000652634
    6.276276276    0.001070681    0.001070596    0.000707798
    6.291291291    0.001043806    0.001043737    0.000772890
    6.306306306    0.001017986    0.001017934    0.000850300
    6.321321321    0.000993168    0.000993134    0.000943205
    6.336336336    0.000969304    0.000969289    0.001055886
    6.351351351    0.000946348    0.000946352    0.001194208
    6.366366366    0.000924256    0.000924280    0.001366328
    6.381381381    0.000902987    0.000903032    0.001583820
    6.396396396    0.000882503    0.000882570    0.001863421
    6.411411411    0.000862768    0.000862858    0.002229822
    6.426426426    0.000843749    0.000843863    0.002720132
    6.441441441    0.000825413    0.000825553    0.003390850
    6.456456456    0.000807731    0.000807897    0.004327849
    6.471471471    0.000790675    0.000790868    0.005656552
    6.486486486    0.000774217    0.000774439    0.007534222
    6.501501502    0.000758333    0.000758585    0.010055987
    6.516516517    0.000743000    0.000743283    0.012923785
    6.531531532    0.000728193    0.000728509    0.014963774
    6.546546547    0.000713891    0.000714242    0.014722625
    6.561561562    0.000700074    0.000700461    0.012410317
    6.576576577    0.000686725    0.000687149    0.009574524
    6.591591592    0.000673825    0.000674289    0.007204500
    6.606606607    0.000661359    0.000661864    0.005481671
    6.621621622    0.000649311    0.000649859    0.004284054
    6.636636637    0.000637665    0.000638259    0.003455658
    6.651651652    0.000626407    0.000627049    0.002868662
    6.666666667    0.000615525    0.000616216    0.002428682
    6.681681682    0.000605004    0.000605748    0.002084263
    6.696696697    0.000594835    0.000595633    0.001817956
    6.711711712    0.000585004    0.000585861    0.001619761
    6.726726727    0.000575503    0.000576420    0.001478719
    6.741741742    0.000566321    0.000567302    0.001385873
    6.756756757    0.000557449    0.000558497    0.001336329
    6.771771772    0.000548878    0.000549996    0.001329881
    6.786786787    0.000540601    0.000541793    0.001371620
    6.801801802    0.000532610    0.000533880    0.001473145
    6.816816817    0.000524899    0.000526251    0.001653864
    6.831831832    0.000517460    0.000518899    0.001938958
    6.846846847    0.000510289    0.000511819    0.002341328
    6.861861862    0.000503379    0.000505006    0.002801076
    6.876876877    0.000496728    0.000498456    0.003104996
    6.891891892    0.000490329    0.000492165    0.003009883
    6.906906907    0.000484181    0.000486130    0.002574201
    6.921921922    0.000478280    0.000480349    0.002066306
    6.936936937    0.000472623    0.000474820    0.001645527
    6.951951952    0.000467210    0.000469541    0.001336664
    6.966966967    0.000462038    0.000464513    0.001116949
    6.981981982    0.000457109    0.000459735    0.000959883
    6.996996997    0.000452422    0.000455209    0.000845547
    7.012012012    0.000447978    0.000450936    0.000760499
    7.027027027    0.000443779    0.000446920    0.000695890
    7.042042042    0.000439829    0.000443164    0.000645871
    7.057057057    0.000436131    0.000439673    0.000606508
    7.072072072    0.000432691    0.000436454    0.000575106
    7.087087087    0.000429514    0.000433513    0.000549778
    7.102102102    0.000426609    0.000430861    0.000529175
    7.117117117    0.000423985    0.000428507    0.000512314
    7.132132132    0.000421652    0.000426465    0.000498465
    7.147147147    0.000419624    0.000424749    0.000487078
    7.162162162    0.000417916    0.000423376    0.000477732
    7.177177177    0.000416546    0.000422368    0.000470100
    7.192192192    0.000415534    0.000421746    0.000463924
    7.207207207    0.000414905    0.000421539    0.000459001
    7.222222222    0.000414688    0.000421779    0.000455166
    7.237237237    0.000414915    0.000422503    0.000452287
    7.252252252    0.000415626    0.000423753    0.000450255
    7.267267267    0.000416867    0.000425581    0.000448981
    7.282282282    0.000418690    0.000428048    0.000448392
    7.297297297    0.000421161    0.000431222    0.000448425
    7.312312312    0.000424354    0.000435187    0.000449030
    7.327327327    0.000428359    0.000440043    0.000450164
    7.342342342    0.000433284    0.000445909    0.000451791
    7.357357357    0.000439259    0.000452926    0.000453882
    7.372372372    0.000446441    0.000461267    0.000456412
    7.387387387    0.000455022    0.000471144    0.000459359
    7.402402402    0.000465238    0.000482814    0.000462706
    7.417417417    0.000477384    0.000496598    0.000466440
    7.432432432    0.000491825    0.000512897    0.000470549
    7.447447447    0.000509027    0.000532216    0.000475024
    7.462462462    0.000529584    0.000555200    0.000479858
    7.477477477    0.000554264    0.000582686    0.000485047
    7.492492492    0.000584076    0.000615764    0.000490587
    7.507507508    0.000620361    0.000655888    0.000496477
    7.522522523    0.000664931    0.000705015    0.000502718
    7.537537538    0.000720277    0.000765833    0.000509310
    7.552552553    0.000789884    0.000842100    0.000516256
    7.567567568    0.000878728    0.000939173    0.000523561
    7.582582583    0.000994058    0.001064849    0.000531230
    7.597597598    0.001146643    0.001230698    0.000539269
    7.612612613    0.001352760    0.001454193    0.000547686
    7.627627628    0.001637194    0.001761917    0.000556491
    7.642642643    0.002037131    0.002193696    0.000565693
    7.657657658    0.002604171    0.002804666    0.000575304
    7.672672673    0.003391660    0.003651369    0.000585336
    7.687687688    0.004387936    0.004719615    0.000595804
    7.702702703    0.005350603    0.005747693    0.000606723
    7.717717718    0.005743252    0.006166063    0.000618110
    7.732732733    0.005273504    0.005677373    0.000629983
    7.747747748    0.004339786    0.004714423    0.000642362
    7.762762763    0.003452237    0.003816747    0.000655268
    7.777777778    0.002807405    0.003192349    0.000668724
    7.792792793    0.002408580    0.002850278    0.000682757
    7.807807808    0.002216534    0.002759057    0.000697392
    7.822822823    0.002198077    0.002894542    0.000712660
    7.837837838    0.002312408    0.003212317    0.000728592
    7.852852853    0.002456661    0.003557129    0.000745222
    7.867867868    0.002450500    0.003630712    0.000762588
    7.882882883    0.002207165    0.003276752    0.000780729
    7.897897898    0.001849251    0.002700740    0.000799689
    7.912912913    0.001520829    0.002158966    0.000819514
    7.927927928    0.001270542    0.001743372    0.000840256
    7.942942943    0.001091896    0.001446231    0.000861969
    7.957957958    0.000966613    0.001237142    0.000884713
    7.972972973    0.000879164    0.001089672    0.000908553
    7.987987988    0.000818753    0.000985308    0.000933559
    8.003003003    0.000778338    0.000911876    0.000959809
    8.018018018    0.000753453    0.000861532    0.000987386
    8.033033033    0.000741376    0.000829296    0.001016382
    8.048048048    0.000740600    0.000812117    0.001046898
    8.063063063    0.000750538    0.000808319    0.001079044
    8.078078078    0.000771384    0.000817295    0.001112940
    8.093093093    0.000804091    0.000839378    0.001148720
    8.108108108    0.000850465    0.000875854    0.001186530
    8.123123123    0.000913378    0.000929120    0.001226534
    8.138138138    0.000997149    0.001003009    0.001268910
    8.153153153    0.001108178    0.001103365    0.001313860
    8.168168168    0.001255968    0.001238983    0.001361604
    8.183183183    0.001454778    0.001423155    0.001412393
    8.198198198    0.001726264    0.001676134    0.001466503
    8.213213213    0.002103521    0.002028925    0.001524248
    8.228228228    0.002636452    0.002528324    0.001585981
    8.243243243    0.003395271    0.003240251    0.001652100
    8.258258258    0.004456431    0.004236758    0.001723057
    8.273273273    0.005820543    0.005519588    0.001799369
    8.288288288    0.007192556    0.006814512    0.001881626
    8.303303303    0.007846980    0.007442320    0.001970509
    8.318318318    0.007295294    0.006940491    0.002066801
    8.333333333    0.006020662    0.005759377    0.002171416
    8.348348348    0.004765106    0.004599321    0.002285420
    8.363363363    0.003846568    0.003764313    0.002410069
    8.378378378    0.003284014    0.003276391    0.002546847
    8.393393393    0.003007556    0.003070688    0.002697529
    8.408408408    0.002904849    0.003030925    0.002864248
    8.423423423    0.002795536    0.002958094    0.003049594
    8.438438438    0.002521870    0.002679731    0.003256743
    8.453453453    0.002120648    0.002246851    0.003489634
    8.468468468    0.001729089    0.001820350    0.003753211
    8.483483483    0.001415881    0.001479540    0.004053764
    8.498498498    0.001182713    0.001226888    0.004399417
    8.513513514    0.001011147    0.001041965    0.004800839
    8.528528529    0.000883372    0.000904995    0.005272307
    8.543543544    0.000786341    0.000801524    0.005833307
    8.558558559    0.000711158    0.000721729    0.006511023
    8.573573574    0.000651823    0.000659012    0.007344246
    8.588588589    0.000604246    0.000608897    0.008389552
    8.603603604    0.000565586    0.000568288    0.009730943
    8.618618619    0.000533828    0.000534999    0.011493816
    8.633633634    0.000507512    0.000507456    0.013860369
    8.648648649    0.000485564    0.000484502    0.017065352
    8.663663664    0.000467173    0.000465273    0.021288598
    8.678678679    0.000451724    0.000449111    0.026243186
    8.693693694    0.000438741    0.000435511    0.030483693
    8.708708709    0.000427850    0.000424077    0.031966843
    8.723723724    0.000418758    0.000414499    0.030751666
    8.738738739    0.000411230    0.000406531    0.029044897
    8.753753754    0.000405077    0.000399974    0.028519090
    8.768768769    0.000400148    0.000394670    0.029745853
    8.783783784    0.000396320    0.000390489    0.032930367
    8.798798799    0.000393494    0.000387329    0.038398093
    8.813813814    0.000391590    0.000385106    0.046806865
    8.828828829    0.000390544    0.000383752    0.059279349
    8.843843844    0.000390305    0.000383215    0.077439424
    8.858858859    0.000390833    0.000383453    0.102912653
    8.873873874    0.000392098    0.000384435    0.134931959
    8.888888889    0.000394080    0.000386139    0.164760540
    8.903903904    0.000396766    0.000388551    0.174566577
    8.918918919    0.000400148    0.000391663    0.156244917
    8.933933934    0.000404228    0.000395475    0.123793527
    8.948948949    0.000409012    0.000399993    0.093117225
    8.963963964    0.000414511    0.000405230    0.069705088
    8.978978979    0.000420746    0.000411203    0.053060779
    8.993993994    0.000427741    0.000417938    0.041371562
    9.009009009    0.000435525    0.000425465    0.033073621
    9.024024024    0.000444138    0.000433822    0.027073589
    9.039039039    0.000453623    0.000443055    0.022649219
    9.054054054    0.000464033    0.000453214    0.019327445
    9.069069069    0.000475426    0.000464361    0.016795511
    9.084084084    0.000487874    0.000476567    0.014843496
    9.099099099    0.000501454    0.000489911    0.013328366
    9.114114114    0.000516257    0.000504485    0.012151643
    9.129129129    0.000532387    0.000520394    0.011245525
    9.144144144    0.000549961    0.000537758    0.010564376
    9.159159159    0.000569115    0.000556714    0.010079814
    9.174174174    0.000590001    0.000577419    0.009778481
    9.189189189    0.000612795    0.000600051    0.009662144
    9.204204204    0.000637700    0.000624817    0.009749944
    9.219219219    0.000664946    0.000651953    0.010081782
    9.234234234    0.000694803    0.000681734    0.010716743
    9.249249249    0.000727578    0.000714476    0.011702567
    9.264264264    0.000763632    0.000750547    0.012956239
    9.279279279    0.000803383    0.000790378    0.014050606
    9.294294294    0.000847322    0.000834474    0.014344759
    9.309309309    0.000896026    0.000883427    0.013799419
    9.324324324    0.000950179    0.000937943    0.013069463
    9.339339339    0.001010593    0.000998859    0.012681473
    9.354354354    0.001078241    0.001067179    0.012810965
    9.369369369    0.001154292    0.001144113    0.013472900
    9.384384384    0.001240166    0.001231131    0.014575661
    9.399399399    0.001337594    0.001330031    0.015779773
    9.414414414    0.001448710    0.001443029    0.016501036
    9.429429429    0.001576160    0.001572881    0.016536672
    9.444444444    0.001723263    0.001723049    0.016371377
    9.459459459    0.001894220    0.001897924    0.016508032
    9.474474474    0.002094406    0.002103136    0.017137015
    9.489489489    0.002330783    0.002345994    0.018293772
    9.504504505    0.002612484    0.002636114    0.020002761
    9.519519520    0.002951661    0.002986321    0.022330613
    9.534534535    0.003364735    0.003413996    0.025406197
    9.549549550    0.003874263    0.003943094    0.029440340
    9.564564565    0.004511798    0.004607233    0.034758692
    9.579579580    0.005322330    0.005454522    0.041857575
    9.594594595    0.006371311    0.006555197    0.051494832
    9.609609610    0.007755861    0.008013833    0.064827711
    9.624624625    0.009622636    0.009988746    0.083584920
    9.639639640    0.012195320    0.012721479    0.110125063
    9.654654655    0.015811902    0.016575013    0.146725439
    9.669669670    0.020952962    0.022054418    0.192227193
    9.684684685    0.028163602    0.029685472    0.234607108
    9.699699700    0.037542532    0.039366590    0.250819570
    9.714714715    0.047274678    0.048739167    0.232957543
    9.729729730    0.052410159    0.052498297    0.201536485
    9.744744745    0.048957514    0.047622107    0.177054326
    9.759759760    0.039716680    0.037938233    0.163657207
    9.774774775    0.030026528    0.028488006    0.152914836
    9.789789790    0.022350031    0.021192409    0.134545223
    9.804804805    0.016833669    0.015987794    0.109301755
    9.819819820    0.012959140    0.012330553    0.084937690
    9.834834835    0.010218558    0.009734257    0.065605838
    9.849849850    0.008245213    0.007855519    0.051375876
    9.864864865    0.006794851    0.006466906    0.041048136
    9.879879880    0.005707460    0.005419366    0.033469045
    9.894894895    0.004877493    0.004614289    0.027796832
    9.909909910    0.004234224    0.003985323    0.023460588
    9.924924925    0.003729375    0.003486950    0.020077964
    9.939939940    0.003329385    0.003087339    0.017390428
    9.954954955    0.003010535    0.002763829    0.015220037
    9.969969970    0.002755838    0.002500029    0.013441817
    9.984984985    0.002553017    0.002283921    0.011966205
   10.000000000    0.002393177    0.002106605    0.010727783
   10.015015015    0.002269929    0.001961456    0.009677908
   10.030030030    0.002178806    0.001843543    0.008779826
   10.045045045    0.002116899    0.001749246    0.008005348
   10.060060060    0.002082633    0.001675989    0.007332567
   10.075075075    0.002075685    0.001622075    0.006744242
   10.090090090    0.002097004    0.001586600    0.006226657
   10.105105105    0.002148972    0.001569433    0.005768789
   10.120120120    0.002235719    0.001571266    0.005361690
   10.135135135    0.002363659    0.001593761    0.004998039
   10.150150150    0.002542364    0.001639801    0.004671798
   10.165165165    0.002785949    0.001713936    0.004377947
   10.180180180    0.003115297    0.001823084    0.004112289
   10.195195195    0.003561606    0.001977680    0.003871287
   10.210210210    0.004172049    0.002193485    0.003651948
   10.225225225    0.005018420    0.002494360    0.003451721
   10.240240240    0.006208622    0.002915947    0.003268425
   10.255255255    0.007894378    0.003508214    0.003100182
   10.270270270    0.010242376    0.004326756    0.002945370
   10.285285285    0.013263734    0.005380771    0.002802580
   10.300300300    0.016357762    0.006496293    0.002670588
   10.315315315    0.018034444    0.007244829    0.002548319
   10.330330330    0.017300335    0.007377151    0.002434832
   10.345345345    0.015199511    0.007266427    0.002329299
   10.360360360    0.013358388    0.007461669    0.002230987
   10.375375375    0.012557854    0.008285910    0.002139246
   10.390390390    0.012973258    0.009898265    0.002053499
   10.405405405    0.014525187    0.012283670    0.001973231
   10.420420420    0.016679953    0.014879519    0.001897983
   10.435435435    0.018012312    0.016220345    0.001827343
   10.450450450    0.017031767    0.015105856    0.001760939
   10.465465465    0.014143922    0.012317048    0.001698440
   10.480480480    0.010942604    0.009405096    0.001639543
   10.495495495    0.008326127    0.007092754    0.001583978
   10.510510511    0.006409058    0.005423159    0.001531498
   10.525525526    0.005041461    0.004242988    0.001481879
   10.540540541    0.004059106    0.003401716    0.001434918
   10.555555556    0.003339842    0.002790457    0.001390428
   10.570570571    0.002801268    0.002336527    0.001348242
   10.585585586    0.002388988    0.001992183    0.001308204
   10.600600601    0.002066878    0.001725835    0.001270172
   10.615615616    0.001810557    0.001516232    0.001234017
   10.630630631    0.001603239    0.001348797    0.001199619
   10.645645646    0.001433123    0.001213334    0.001166868
   10.660660661    0.001291749    0.001102582    0.001135663
   10.675675676    0.001172937    0.001011276    0.001105911
   10.690690691    0.001072097    0.000935552    0.001077525
   10.705705706    0.000985764    0.000872533    0.001050425
   10.720720721    0.000911288    0.000820069    0.001024538
   10.735735736    0.000846616    0.000776541    0.000999796
   10.750750751    0.000790142    0.000740742    0.000976134
   10.765765766    0.000740597    0.000711786    0.000953494
   10.780780781    0.000696973    0.000689048    0.000931821
   10.795795796    0.000658467    0.000672131    0.000911063
   10.810810811    0.000624439    0.000660838    0.000891174
   10.825825826    0.000594384    0.000655177    0.000872108
   10.840840841    0.000567912    0.000655361    0.000853824
   10.855855856    0.000544731    0.000661844    0.000836284
   10.870870871    0.000524648    0.000675365    0.000819451
   10.885885886    0.000507562    0.000697028    0.000803291
   10.900900901    0.000493478    0.000728424    0.000787772
   10.915915916    0.000482523    0.000771816    0.000772866
   10.930930931    0.000474984    0.000830419    0.000758543
   10.945945946    0.000471359    0.000908844    0.000744777
   10.960960961    0.000472454    0.001013788    0.000731545
   10.975975976    0.000479530    0.001155132    0.000718822
   10.990990991    0.000494547    0.001347707    0.000706587
   11.006006006    0.000520543    0.001614072    0.000694819
   11.021021021    0.000562211    0.001988675    0.000683500
   11.036036036    0.000626579    0.002522845    0.000672611
   11.051051051    0.000723098    0.003285637    0.000662134
   11.066066066    0.000860096    0.004339000    0.000652054
   11.081081081    0.001029386    0.005628032    0.000642356
   11.096096096    0.001174717    0.006752013    0.000633025
   11.111111111    0.001198046    0.006997104    0.000624047
   11.126126126    0.001073735    0.006158890    0.000615410
   11.141141141    0.000888267    0.004859638    0.000607101
   11.156156156    0.000720611    0.003682932    0.000599110
   11.171171171    0.000593499    0.002800447    0.000591425
   11.186186186    0.000502053    0.002175246    0.000584037
   11.201201201    0.000436353    0.001729548    0.000576935
   11.216216216    0.000388241    0.001402612    0.000570111
   11.231231231    0.000352041    0.001158238    0.000563555
   11.246246246    0.000324021    0.000973646    0.000557261
   11.261261261    0.000301795    0.000832458    0.000551220
   11.276276276    0.000283803    0.000722787    0.000545424
   11.291291291    0.000268968    0.000636161    0.000539868
   11.306306306    0.000256527    0.000566593    0.000534545
   11.321321321    0.000245937    0.000509843    0.000529448
   11.336336336    0.000236802    0.000462888    0.000524572
   11.351351351    0.000228835    0.000423552    0.000519912
   11.366366366    0.000221820    0.000390238    0.000515463
   11.381381381    0.000215593    0.000361743    0.000511219
   11.396396396    0.000210030    0.000337148    0.000507177
   11.411411411    0.000205031    0.000315741    0.000503332
   11.426426426    0.000200521    0.000296969    0.000499680
   11.441441441    0.000196437    0.000280394    0.000496219
   11.456456456    0.000192730    0.000265666    0.000492944
   11.471471471    0.000189361    0.000252504    0.000489852
   11.486486486    0.000186297    0.000240678    0.000486941
   11.501501502    0.000183511    0.000230001    0.000484208
   11.516516517    0.000180981    0.000220318    0.000481650
   11.531531532    0.000178689    0.000211499    0.000479266
   11.546546547    0.000176620    0.000203437    0.000477054
   11.561561562    0.000174763    0.000196040    0.000475011
   11.576576577    0.000173107    0.000189231    0.000473137
   11.591591592    0.000171644    0.000182944    0.000471430
   11.606606607    0.000170370    0.000177121    0.000469888
   11.621621622    0.000169279    0.000171715    0.000468510
   11.636636637    0.000168369    0.000166683    0.000467295
   11.651651652    0.000167638    0.000161988    0.000466244
   11.666666667    0.000167085    0.000157598    0.000465357
   11.681681682    0.000166712    0.000153486    0.000464633
   11.696696697    0.000166522    0.000149626    0.000464073
   11.711711712    0.000166517    0.000145997    0.000463676
   11.726726727    0.000166702    0.000142580    0.000463443
   11.741741742    0.000167084    0.000139356    0.000463376
   11.756756757    0.000167670    0.000136312    0.000463474
   11.771771772    0.000168469    0.000133434    0.000463739
   11.786786787    0.000169493    0.000130709    0.000464173
   11.801801802    0.000170753    0.000128126    0.000464776
   11.816816817    0.000172264    0.000125676    0.000465551
   11.831831832    0.000174044    0.000123349    0.000466499
   11.846846847    0.000176111    0.000121139    0.000467624
   11.861861862    0.000178489    0.000119037    0.000468927
   11.876876877    0.000181203    0.000117038    0.000470411
   11.891891892    0.000184282    0.000115134    0.000472080
   11.906906907    0.000187762    0.000113322    0.000473936
   11.921921922    0.000191681    0.000111596    0.000475983
   11.936936937    0.000196085    0.000109951    0.000478226
   11.951951952    0.000201027    0.000108384    0.000480668
   11.966966967    0.000206568    0.000106891    0.000483315
   11.981981982    0.000212778    0.000105470    0.000486170
   11.996996997    0.000219742    0.000104116    0.000489240
   12.012012012    0.000227557    0.000102828    0.000492530
   12.027027027    0.000236338    0.000101603    0.000496046
   12.042042042    0.000246223    0.000100439    0.000499794
   12.057057057    0.000257374    0.000099334    0.000503783
   12.072072072    0.000269988    0.000098287    0.000508019
   12.087087087    0.000284301    0.000097296    0.000512511
   12.102102102    0.000300599    0.000096361    0.000517267
   12.117117117    0.000319234    0.000095479    0.000522297
   12.132132132    0.000340641    0.000094652    0.000527611
   12.147147147    0.000365359    0.000093878    0.000533220
   12.162162162    0.000394067    0.000093158    0.000539137
   12.177177177    0.000427628    0.000092490    0.000545373
   12.192192192    0.000467150    0.000091877    0.000551944
   12.207207207    0.000514071    0.000091319    0.000558865
   12.222222222    0.000570288    0.000090818    0.000566154
   12.237237237    0.000638334    0.000090374    0.000573831
   12.252252252    0.000721649    0.000089992    0.000581918
   12.267267267    0.000824981    0.000089675    0.000590443
   12.282282282    0.000955010    0.000089427    0.000599437
   12.297297297    0.001121311    0.000089257    0.000608939
   12.312312312    0.001337898    0.000089172    0.000619001
   12.327327327    0.001625676    0.000089189    0.000629689
   12.342342342    0.002016339    0.000089327    0.000641095
   12.357357357    0.002558232    0.000089616    0.000653348
   12.372372372    0.003323700    0.000090101    0.000666632
   12.387387387    0.004411808    0.000090841    0.000681190
   12.402402402    0.005918937    0.000091895    0.000697254
   12.417417417    0.007796889    0.000093235    0.000714733
   12.432432432    0.009526751    0.000094565    0.000732501
   12.447447447    0.010070235    0.000095309    0.000748351
   12.462462462    0.008984201    0.000095252    0.000761464
   12.477477477    0.007100254    0.000094882    0.000773728
   12.492492492    0.005331359    0.000094711    0.000787115
   12.507507508    0.003984733    0.000094911    0.000802297
   12.522522523    0.003027942    0.000095475    0.000819246
   12.537537538    0.002355705    0.000096360    0.000837794
   12.552552553    0.001877936    0.000097534    0.000857811
   12.567567568    0.001531791    0.000098985    0.000879232
   12.582582583    0.001275771    0.000100713    0.000902041
   12.597597598    0.001082678    0.000102734    0.000926261
   12.612612613    0.000934500    0.000105071    0.000951939
   12.627627628    0.000819106    0.000107759    0.000979145
   12.642642643    0.000728171    0.000110843    0.001007964
   12.657657658    0.000655878    0.000114376    0.001038494
   12.672672673    0.000598103    0.000118428    0.001070850
   12.687687688    0.000551879    0.000123082    0.001105159
   12.702702703    0.000515064    0.000128441    0.001141564
   12.717717718    0.000486106    0.000134635    0.001180222
   12.732732733    0.000463898    0.000141823    0.001221310
   12.747747748    0.000447683    0.000150207    0.001265020
   12.762762763    0.000436984    0.000160043    0.001311568
   12.777777778    0.000431579    0.000171660    0.001361193
   12.792792793    0.000431487    0.000185485    0.001414159
   12.807807808    0.000436983    0.000202079    0.001470762
   12.822822823    0.000448636    0.000222195    0.001531330
   12.837837838    0.000467386    0.000246848    0.001596230
   12.852852853    0.000494662    0.000277443    0.001665873
   12.867867868    0.000532585    0.000315949    0.001740722
   12.882882883    0.000584276    0.000365187    0.001821295
   12.897897898    0.000654360    0.000429278    0.001908181
   12.912912913    0.000749770    0.000514359    0.002002043
   12.927927928    0.000881017    0.000629725    0.002103636
   12.942942943    0.001064136    0.000789557    0.002213820
   12.957957958    0.001323176    0.001015144    0.002333579
   12.972972973    0.001691522    0.001336011    0.002464044
   12.987987988    0.002203801    0.001782461    0.002606518
   13.003003003    0.002853265    0.002346731    0.002762513
   13.018018018    0.003486478    0.002887206    0.002933788
   13.033033033    0.003765194    0.003093685    0.003122407
   13.048048048    0.003511056    0.002799622    0.003330803
   13.063063063    0.002985995    0.002234836    0.003561869
   13.078078078    0.002522965    0.001689013    0.003819068
   13.093093093    0.002259576    0.001269592    0.004106562
   13.108108108    0.002211784    0.000971518    0.004429317
   13.123123123    0.002348513    0.000763115    0.004793004
   13.138138138    0.002566647    0.000615812    0.005203430
   13.153153153    0.002647720    0.000508485    0.005666194
   13.168168168    0.002418863    0.000426964    0.006189386
   13.183183183    0.001981980    0.000363464    0.006787340
   13.198198198    0.001542809    0.000313780    0.007479005
   13.213213213    0.001194843    0.000274762    0.008286021
   13.228228228    0.000940947    0.000243820    0.009234467
   13.243243243    0.000758489    0.000218969    0.010357779
   13.258258258    0.000625836    0.000198754    0.011699981
   13.273273273    0.000527361    0.000182114    0.013319904
   13.288288288    0.000452572    0.000168277    0.015297299
   13.303303303    0.000394518    0.000156665    0.017742005
   13.318318318    0.000348545    0.000146846    0.020807995
   13.333333333    0.000311487    0.000138487    0.024715260
   13.348348348    0.000281141    0.000131332    0.029784437
   13.363363363    0.000255943    0.000125180    0.036492158
   13.378378378    0.000234761    0.000119872    0.045559105
   13.393393393    0.000216760    0.000115281    0.058084786
   13.408408408    0.000201313    0.000111304    0.075726524
   13.423423423    0.000187943    0.000107858    0.100817641
   13.438438438    0.000176280    0.000104877    0.135904485
   13.453453453    0.000166036    0.000102303    0.181023616
   13.468468468    0.000156982    0.000100093    0.226358973
   13.483483483    0.000148934    0.000098207    0.247560186
   13.498498498    0.000141745    0.000096616    0.227827440
   13.513513514    0.000135293    0.000095294    0.182907573
   13.528528529    0.000129479    0.000094220    0.137497058
   13.543543544    0.000124220    0.000093376    0.101983365
   13.558558559    0.000119448    0.000092751    0.076545088
   13.573573574    0.000115106    0.000092333    0.058658989
   13.588588589    0.000111144    0.000092114    0.045967469
   13.603603604    0.000107521    0.000092090    0.036787751
   13.618618619    0.000104203    0.000092256    0.030002046
   13.633633634    0.000101159    0.000092613    0.024877715
   13.648648649    0.000098364    0.000093161    0.020930482
   13.663663664    0.000095796    0.000093903    0.017834790
   13.678678679    0.000093436    0.000094845    0.015367428
   13.693693694    0.000091269    0.000095993    0.013372262
   13.708708709    0.000089280    0.000097357    0.011737940
   13.723723724    0.000087458    0.000098950    0.010383602
   13.738738739    0.000085794    0.000100785    0.009249529
   13.753753754    0.000084280    0.000102880    0.008290930
   13.768768769    0.000082909    0.000105256    0.007473729
   13.783783784    0.000081678    0.000107938    0.006771662
   13.798798799    0.000080582    0.000110954    0.006164239
   13.813813814    0.000079620    0.000114339    0.005635302
   13.828828829    0.000078793    0.000118132    0.005171973
   13.843843844    0.000078101    0.000122380    0.004763897
   13.858858859    0.000077548    0.000127139    0.004402671
   13.873873874    0.000077139    0.000132473    0.004081422
   13.888888889    0.000076882    0.000138460    0.003794488
   13.903903904    0.000076785    0.000145191    0.003537170
   13.918918919    0.000076863    0.000152777    0.003305544
   13.933933934    0.000077131    0.000161350    0.003096310
   13.948948949    0.000077610    0.000171068    0.002906683
   13.963963964    0.000078327    0.000182128    0.002734295
   13.978978979    0.000079313    0.000194766    0.002577122
   13.993993994    0.000080611    0.000209278    0.002433431
   14.009009009    0.000082271    0.000226031    0.002301726
   14.024024024    0.000084361    0.000245488    0.002180714
   14.039039039    0.000086965    0.000268236    0.002069269
   14.054054054    0.000090192    0.000295031    0.001966413
   14.069069069    0.000094185    0.000326856    0.001871285
   14.084084084    0.000099134    0.000365010    0.001783134
   14.099099099    0.000105290    0.000411227    0.001701293
   14.114114114    0.000112999    0.000467868    0.001625177
   14.129129129    0.000122737    0.000538195    0.001554264
   14.144144144    0.000135176    0.000626804    0.001488093
   14.159159159    0.000151279    0.000740298    0.001426250
   14.174174174    0.000172457    0.000888349    0.001368367
   14.189189189    0.000200819    0.001085412    0.001314115
   14.204204204    0.000239562    0.001353421    0.001263196
   14.219219219    0.000293566    0.001725826    0.001215345
   14.234234234    0.000370118    0.002252514    0.001170320
   14.249249249    0.000479137    0.003000929    0.001127904
   14.264264264    0.000630018    0.004033071    0.001087900
   14.279279279    0.000816883    0.005301357    0.001050130
   14.294294294    0.000985784    0.006425104    0.001014432
   14.309309309    0.001033103    0.006703333    0.000980657
   14.324324324    0.000919737    0.005907138    0.000948670
   14.339339339    0.000731305    0.004633412    0.000918350
   14.354354354    0.000556537    0.003466503    0.000889582
   14.369369369    0.000423978    0.002585689    0.000862264
   14.384384384    0.000329783    0.001960988    0.000836301
   14.399399399    0.000263470    0.001521585    0.000811605
   14.414414414    0.000216190    0.001208515    0.000788097
   14.429429429    0.000181796    0.000980937    0.000765703
   14.444444444    0.000156228    0.000811922    0.000744355
   14.459459459    0.000136827    0.000683805    0.000723989
   14.474474474    0.000121829    0.000584865    0.000704547
   14.489489489    0.000110045    0.000507185    0.000685975
   14.504504505    0.000100656    0.000445312    0.000668224
   14.519519520    0.000093090    0.000395414    0.000651247
   14.534534535    0.000086939    0.000354751    0.000635000
   14.549549550    0.000081907    0.000321333    0.000619444
   14.564564565    0.000077781    0.000293690    0.000604541
   14.579579580    0.000074401    0.000270724    0.000590257
   14.594594595    0.000071652    0.000251611    0.000576559
   14.609609610    0.000069451    0.000235725    0.000563416
   14.624624625    0.000067739    0.000222593    0.000550800
   14.639639640    0.000066479    0.000211863    0.000538686
   14.654654655    0.000065656    0.000203279    0.000527047
   14.669669670    0.000065269    0.000196664    0.000515861
   14.684684685    0.000065343    0.000191918    0.000505106
   14.699699700    0.000065923    0.000189011    0.000494762
   14.714714715    0.000067086    0.000187989    0.000484809
   14.729729730    0.000068951    0.000188985    0.000475230
   14.744744745    0.000071694    0.000192244    0.000466007
   14.759759760    0.000075582    0.000198155    0.000457125
   14.774774775    0.000081009    0.000207318    0.000448568
   14.789789790    0.000088576    0.000220637    0.000440323
   14.804804805    0.000099195    0.000239468    0.000432376
   14.819819820    0.000114227    0.000265809    0.000424715
   14.834834835    0.000135549    0.000302437    0.000417327
   14.849849850    0.000165086    0.000352454    0.000410203
   14.864864865    0.000202415    0.000416716    0.000403330
   14.879879880    0.000239064    0.000487611    0.000396700
   14.894894895    0.000257170    0.000547950    0.000390302
   14.909909910    0.000248805    0.000593388    0.000384129
   14.924924925    0.000229511    0.000648385    0.000378171
   14.939939940    0.000217862    0.000744207    0.000372421
   14.954954955    0.000222462    0.000905125    0.000366871
   14.969969970    0.000245955    0.001150116    0.000361515
   14.984984985    0.000286946    0.001478084    0.000356344
   15.000000000    0.000333204    0.001814260    0.000351354
