# energy grid [eV]     epsi_x  epsi_y  epsi_z
#
    0.000000000    0.000000000    0.000000000    0.000000000
    0.015015015    0.000000631    0.000000630    0.000000124
    0.030030030    0.000001263    0.000001260    0.000000248
    0.045045045    0.000001894    0.000001891    0.000000371
    0.060060060    0.000002526    0.000002521    0.000000495
    0.075075075    0.000003158    0.000003152    0.000000619
    0.090090090    0.000003790    0.000003783    0.000000743
    0.105105105    0.000004423    0.000004415    0.000000867
    0.120120120    0.000005056    0.000005047    0.000000991
    0.135135135    0.000005689    0.000005679    0.000001115
    0.150150150    0.000006324    0.000006312    0.000001239
    0.165165165    0.000006959    0.000006946    0.000001363
    0.180180180    0.000007594    0.000007580    0.000001487
    0.195195195    0.000008230    0.000008215    0.000001611
    0.210210210    0.000008868    0.000008851    0.000001735
    0.225225225    0.000009506    0.000009488    0.000001860
    0.240240240    0.000010145    0.000010126    0.000001984
    0.255255255    0.000010785    0.000010765    0.000002108
    0.270270270    0.000011426    0.000011405    0.000002233
    0.285285285    0.000012068    0.000012046    0.000002357
    0.300300300    0.000012712    0.000012688    0.000002482
    0.315315315    0.000013357    0.000013332    0.000002606
    0.330330330    0.000014003    0.000013977    0.000002731
    0.345345345    0.000014650    0.000014624    0.000002856
    0.360360360    0.000015300    0.000015272    0.000002981
    0.375375375    0.000015950    0.000015921    0.000003106
    0.390390390    0.000016603    0.000016572    0.000003231
    0.405405405    0.000017257    0.000017225    0.000003356
    0.420420420    0.000017913    0.000017880    0.000003481
    0.435435435    0.000018570    0.000018536    0.000003607
    0.450450450    0.000019230    0.000019195    0.000003732
    0.465465465    0.000019892    0.000019855    0.000003858
    0.480480480    0.000020555    0.000020518    0.000003984
    0.495495495    0.000021221    0.000021182    0.000004110
    0.510510511    0.000021889    0.000021849    0.000004236
    0.525525526    0.000022560    0.000022518    0.000004362
    0.540540541    0.000023232    0.000023190    0.000004488
    0.555555556    0.000023907    0.000023864    0.000004615
    0.570570571    0.000024585    0.000024540    0.000004741
    0.585585586    0.000025265    0.000025219    0.000004868
    0.600600601    0.000025948    0.000025901    0.000004995
    0.615615616    0.000026634    0.000026585    0.000005122
    0.630630631    0.000027322    0.000027273    0.000005249
    0.645645646    0.000028013    0.000027963    0.000005376
    0.660660661    0.000028708    0.000028656    0.000005504
    0.675675676    0.000029405    0.000029352    0.000005632
    0.690690691    0.000030105    0.000030051    0.000005760
    0.705705706    0.000030809    0.000030754    0.000005888
    0.720720721    0.000031516    0.000031460    0.000006016
    0.735735736    0.000032227    0.000032169    0.000006145
    0.750750751    0.000032940    0.000032881    0.000006273
    0.765765766    0.000033658    0.000033598    0.000006402
    0.780780781    0.000034379    0.000034318    0.000006531
    0.795795796    0.000035104    0.000035041    0.000006661
    0.810810811    0.000035832    0.000035769    0.000006790
    0.825825826    0.000036565    0.000036500    0.000006920
    0.840840841    0.000037301    0.000037235    0.000007050
    0.855855856    0.000038042    0.000037975    0.000007180
    0.870870871    0.000038787    0.000038718    0.000007310
    0.885885886    0.000039536    0.000039466    0.000007441
    0.900900901    0.000040290    0.000040218    0.000007572
    0.915915916    0.000041048    0.000040975    0.000007703
    0.930930931    0.000041810    0.000041737    0.000007835
    0.945945946    0.000042577    0.000042503    0.000007966
    0.960960961    0.000043349    0.000043273    0.000008098
    0.975975976    0.000044126    0.000044049    0.000008230
    0.990990991    0.000044908    0.000044830    0.000008363
    1.006006006    0.000045695    0.000045615    0.000008496
    1.021021021    0.000046487    0.000046406    0.000008629
    1.036036036    0.000047285    0.000047203    0.000008762
    1.051051051    0.000048088    0.000048004    0.000008896
    1.066066066    0.000048896    0.000048811    0.000009029
    1.081081081    0.000049710    0.000049624    0.000009164
    1.096096096    0.000050530    0.000050443    0.000009298
    1.111111111    0.000051356    0.000051267    0.000009433
    1.126126126    0.000052188    0.000052098    0.000009568
    1.141141141    0.000053025    0.000052934    0.000009704
    1.156156156    0.000053870    0.000053777    0.000009839
    1.171171171    0.000054720    0.000054626    0.000009975
    1.186186186    0.000055577    0.000055482    0.000010112
    1.201201201    0.000056441    0.000056345    0.000010249
    1.216216216    0.000057311    0.000057214    0.000010386
    1.231231231    0.000058188    0.000058090    0.000010523
    1.246246246    0.000059072    0.000058973    0.000010661
    1.261261261    0.000059964    0.000059863    0.000010799
    1.276276276    0.000060863    0.000060760    0.000010938
    1.291291291    0.000061769    0.000061665    0.000011077
    1.306306306    0.000062682    0.000062577    0.000011216
    1.321321321    0.000063604    0.000063498    0.000011355
    1.336336336    0.000064533    0.000064426    0.000011496
    1.351351351    0.000065471    0.000065362    0.000011636
    1.366366366    0.000066417    0.000066306    0.000011777
    1.381381381    0.000067371    0.000067259    0.000011918
    1.396396396    0.000068333    0.000068220    0.000012060
    1.411411411    0.000069304    0.000069190    0.000012202
    1.426426426    0.000070284    0.000070169    0.000012344
    1.441441441    0.000071273    0.000071157    0.000012487
    1.456456456    0.000072272    0.000072154    0.000012630
    1.471471471    0.000073279    0.000073160    0.000012774
    1.486486486    0.000074297    0.000074176    0.000012918
    1.501501502    0.000075324    0.000075201    0.000013063
    1.516516517    0.000076360    0.000076237    0.000013208
    1.531531532    0.000077407    0.000077283    0.000013354
    1.546546547    0.000078465    0.000078339    0.000013500
    1.561561562    0.000079533    0.000079405    0.000013646
    1.576576577    0.000080611    0.000080482    0.000013793
    1.591591592    0.000081701    0.000081570    0.000013941
    1.606606607    0.000082801    0.000082670    0.000014089
    1.621621622    0.000083913    0.000083780    0.000014237
    1.636636637    0.000085037    0.000084902    0.000014386
    1.651651652    0.000086172    0.000086036    0.000014536
    1.666666667    0.000087319    0.000087182    0.000014686
    1.681681682    0.000088479    0.000088340    0.000014836
    1.696696697    0.000089651    0.000089511    0.000014987
    1.711711712    0.000090836    0.000090694    0.000015139
    1.726726727    0.000092034    0.000091891    0.000015291
    1.741741742    0.000093245    0.000093101    0.000015444
    1.756756757    0.000094469    0.000094324    0.000015597
    1.771771772    0.000095707    0.000095561    0.000015751
    1.786786787    0.000096960    0.000096811    0.000015905
    1.801801802    0.000098226    0.000098077    0.000016060
    1.816816817    0.000099508    0.000099356    0.000016216
    1.831831832    0.000100804    0.000100651    0.000016372
    1.846846847    0.000102115    0.000101961    0.000016528
    1.861861862    0.000103442    0.000103286    0.000016686
    1.876876877    0.000104784    0.000104627    0.000016844
    1.891891892    0.000106143    0.000105985    0.000017002
    1.906906907    0.000107518    0.000107358    0.000017161
    1.921921922    0.000108910    0.000108748    0.000017321
    1.936936937    0.000110319    0.000110156    0.000017482
    1.951951952    0.000111745    0.000111581    0.000017643
    1.966966967    0.000113189    0.000113023    0.000017805
    1.981981982    0.000114651    0.000114484    0.000017967
    1.996996997    0.000116132    0.000115963    0.000018130
    2.012012012    0.000117632    0.000117462    0.000018294
    2.027027027    0.000119151    0.000118979    0.000018459
    2.042042042    0.000120690    0.000120516    0.000018624
    2.057057057    0.000122248    0.000122073    0.000018790
    2.072072072    0.000123828    0.000123651    0.000018956
    2.087087087    0.000125428    0.000125250    0.000019124
    2.102102102    0.000127049    0.000126870    0.000019292
    2.117117117    0.000128693    0.000128512    0.000019460
    2.132132132    0.000130358    0.000130176    0.000019630
    2.147147147    0.000132047    0.000131863    0.000019800
    2.162162162    0.000133758    0.000133573    0.000019971
    2.177177177    0.000135494    0.000135306    0.000020143
    2.192192192    0.000137253    0.000137064    0.000020316
    2.207207207    0.000139037    0.000138847    0.000020489
    2.222222222    0.000140847    0.000140655    0.000020664
    2.237237237    0.000142682    0.000142489    0.000020839
    2.252252252    0.000144544    0.000144349    0.000021015
    2.267267267    0.000146433    0.000146236    0.000021191
    2.282282282    0.000148349    0.000148151    0.000021369
    2.297297297    0.000150294    0.000150093    0.000021547
    2.312312312    0.000152267    0.000152065    0.000021726
    2.327327327    0.000154269    0.000154066    0.000021907
    2.342342342    0.000156302    0.000156097    0.000022088
    2.357357357    0.000158366    0.000158159    0.000022270
    2.372372372    0.000160460    0.000160252    0.000022452
    2.387387387    0.000162587    0.000162377    0.000022636
    2.402402402    0.000164747    0.000164535    0.000022821
    2.417417417    0.000166941    0.000166727    0.000023006
    2.432432432    0.000169169    0.000168953    0.000023193
    2.447447447    0.000171432    0.000171215    0.000023380
    2.462462462    0.000173731    0.000173512    0.000023569
    2.477477477    0.000176067    0.000175846    0.000023758
    2.492492492    0.000178440    0.000178218    0.000023949
    2.507507508    0.000180853    0.000180628    0.000024140
    2.522522523    0.000183304    0.000183078    0.000024333
    2.537537538    0.000185796    0.000185569    0.000024526
    2.552552553    0.000188330    0.000188100    0.000024721
    2.567567568    0.000190906    0.000190674    0.000024916
    2.582582583    0.000193525    0.000193292    0.000025113
    2.597597598    0.000196189    0.000195954    0.000025311
    2.612612613    0.000198898    0.000198661    0.000025509
    2.627627628    0.000201654    0.000201415    0.000025709
    2.642642643    0.000204458    0.000204217    0.000025910
    2.657657658    0.000207311    0.000207068    0.000026112
    2.672672673    0.000210214    0.000209969    0.000026316
    2.687687688    0.000213168    0.000212922    0.000026520
    2.702702703    0.000216175    0.000215927    0.000026726
    2.717717718    0.000219237    0.000218986    0.000026932
    2.732732733    0.000222354    0.000222101    0.000027140
    2.747747748    0.000225527    0.000225273    0.000027350
    2.762762763    0.000228760    0.000228503    0.000027560
    2.777777778    0.000232052    0.000231793    0.000027772
    2.792792793    0.000235405    0.000235145    0.000027985
    2.807807808    0.000238822    0.000238560    0.000028199
    2.822822823    0.000242304    0.000242039    0.000028414
    2.837837838    0.000245852    0.000245585    0.000028631
    2.852852853    0.000249468    0.000249199    0.000028849
    2.867867868    0.000253154    0.000252883    0.000029068
    2.882882883    0.000256913    0.000256640    0.000029289
    2.897897898    0.000260745    0.000260470    0.000029511
    2.912912913    0.000264653    0.000264376    0.000029735
    2.927927928    0.000268640    0.000268360    0.000029960
    2.942942943    0.000272707    0.000272425    0.000030186
    2.957957958    0.000276856    0.000276572    0.000030414
    2.972972973    0.000281091    0.000280804    0.000030643
    2.987987988    0.000285412    0.000285124    0.000030874
    3.003003003    0.000289824    0.000289533    0.000031106
    3.018018018    0.000294327    0.000294034    0.000031339
    3.033033033    0.000298926    0.000298631    0.000031575
    3.048048048    0.000303623    0.000303325    0.000031811
    3.063063063    0.000308421    0.000308120    0.000032050
    3.078078078    0.000313322    0.000313019    0.000032289
    3.093093093    0.000318330    0.000318025    0.000032531
    3.108108108    0.000323448    0.000323141    0.000032774
    3.123123123    0.000328680    0.000328370    0.000033019
    3.138138138    0.000334028    0.000333716    0.000033265
    3.153153153    0.000339497    0.000339182    0.000033513
    3.168168168    0.000345090    0.000344773    0.000033763
    3.183183183    0.000350812    0.000350491    0.000034015
    3.198198198    0.000356665    0.000356342    0.000034268
    3.213213213    0.000362655    0.000362329    0.000034523
    3.228228228    0.000368785    0.000368456    0.000034780
    3.243243243    0.000375060    0.000374729    0.000035038
    3.258258258    0.000381486    0.000381152    0.000035299
    3.273273273    0.000388066    0.000387729    0.000035561
    3.288288288    0.000394806    0.000394467    0.000035825
    3.303303303    0.000401711    0.000401369    0.000036092
    3.318318318    0.000408788    0.000408442    0.000036360
    3.333333333    0.000416041    0.000415692    0.000036630
    3.348348348    0.000423476    0.000423125    0.000036902
    3.363363363    0.000431100    0.000430746    0.000037176
    3.378378378    0.000438920    0.000438563    0.000037452
    3.393393393    0.000446942    0.000446582    0.000037730
    3.408408408    0.000455174    0.000454810    0.000038011
    3.423423423    0.000463623    0.000463256    0.000038293
    3.438438438    0.000472296    0.000471926    0.000038578
    3.453453453    0.000481202    0.000480829    0.000038864
    3.468468468    0.000490350    0.000489973    0.000039153
    3.483483483    0.000499748    0.000499368    0.000039445
    3.498498498    0.000509406    0.000509022    0.000039738
    3.513513514    0.000519333    0.000518945    0.000040034
    3.528528529    0.000529539    0.000529149    0.000040332
    3.543543544    0.000540037    0.000539642    0.000040633
    3.558558559    0.000550835    0.000550437    0.000040936
    3.573573574    0.000561948    0.000561546    0.000041241
    3.588588589    0.000573386    0.000572980    0.000041549
    3.603603604    0.000585163    0.000584753    0.000041860
    3.618618619    0.000597292    0.000596878    0.000042173
    3.633633634    0.000609788    0.000609370    0.000042488
    3.648648649    0.000622666    0.000622244    0.000042806
    3.663663664    0.000635942    0.000635515    0.000043127
    3.678678679    0.000649632    0.000649201    0.000043451
    3.693693694    0.000663754    0.000663319    0.000043777
    3.708708709    0.000678326    0.000677887    0.000044106
    3.723723724    0.000693369    0.000692925    0.000044438
    3.738738739    0.000708902    0.000708453    0.000044773
    3.753753754    0.000724947    0.000724493    0.000045111
    3.768768769    0.000741527    0.000741069    0.000045452
    3.783783784    0.000758667    0.000758203    0.000045795
    3.798798799    0.000776392    0.000775923    0.000046142
    3.813813814    0.000794729    0.000794255    0.000046492
    3.828828829    0.000813707    0.000813227    0.000046845
    3.843843844    0.000833355    0.000832870    0.000047201
    3.858858859    0.000853707    0.000853216    0.000047561
    3.873873874    0.000874797    0.000874300    0.000047923
    3.888888889    0.000896660    0.000896157    0.000048289
    3.903903904    0.000919335    0.000918826    0.000048659
    3.918918919    0.000942864    0.000942348    0.000049032
    3.933933934    0.000967288    0.000966766    0.000049408
    3.948948949    0.000992656    0.000992127    0.000049788
    3.963963964    0.001019016    0.001018480    0.000050172
    3.978978979    0.001046421    0.001045878    0.000050559
    3.993993994    0.001074926    0.001074376    0.000050950
    4.009009009    0.001104593    0.001104035    0.000051345
    4.024024024    0.001135484    0.001134919    0.000051744
    4.039039039    0.001167669    0.001167096    0.000052147
    4.054054054    0.001201221    0.001200640    0.000052553
    4.069069069    0.001236219    0.001235629    0.000052964
    4.084084084    0.001272747    0.001272148    0.000053379
    4.099099099    0.001310896    0.001310287    0.000053798
    4.114114114    0.001350763    0.001350145    0.000054222
    4.129129129    0.001392454    0.001391826    0.000054650
    4.144144144    0.001436081    0.001435442    0.000055082
    4.159159159    0.001481767    0.001481117    0.000055519
    4.174174174    0.001529643    0.001528982    0.000055960
    4.189189189    0.001579851    0.001579179    0.000056406
    4.204204204    0.001632547    0.001631863    0.000056857
    4.219219219    0.001687897    0.001687200    0.000057313
    4.234234234    0.001746082    0.001745372    0.000057774
    4.249249249    0.001807300    0.001806576    0.000058240
    4.264264264    0.001871765    0.001871027    0.000058711
    4.279279279    0.001939711    0.001938959    0.000059187
    4.294294294    0.002011395    0.002010626    0.000059668
    4.309309309    0.002087093    0.002086308    0.000060155
    4.324324324    0.002167114    0.002166311    0.000060648
    4.339339339    0.002251791    0.002250970    0.000061146
    4.354354354    0.002341493    0.002340653    0.000061650
    4.369369369    0.002436625    0.002435766    0.000062160
    4.384384384    0.002537636    0.002536756    0.000062676
    4.399399399    0.002645018    0.002644116    0.000063199
    4.414414414    0.002759320    0.002758394    0.000063727
    4.429429429    0.002881147    0.002880196    0.000064262
    4.444444444    0.003011175    0.003010198    0.000064803
    4.459459459    0.003150156    0.003149151    0.000065351
    4.474474474    0.003298929    0.003297895    0.000065906
    4.489489489    0.003458437    0.003457371    0.000066468
    4.504504505    0.003629734    0.003628635    0.000067037
    4.519519520    0.003814010    0.003812876    0.000067614
    4.534534535    0.004012608    0.004011437    0.000068198
    4.549549550    0.004227048    0.004225836    0.000068789
    4.564564565    0.004459057    0.004457802    0.000069388
    4.579579580    0.004710603    0.004709302    0.000069996
    4.594594595    0.004983936    0.004982585    0.000070611
    4.609609610    0.005281640    0.005280236    0.000071235
    4.624624625    0.005606691    0.005605230    0.000071867
    4.639639640    0.005962531    0.005961009    0.000072509
    4.654654655    0.006353162    0.006351574    0.000073159
    4.669669670    0.006783252    0.006781592    0.000073818
    4.684684685    0.007258275    0.007256538    0.000074487
    4.699699700    0.007784685    0.007782865    0.000075166
    4.714714715    0.008370130    0.008368221    0.000075855
    4.729729730    0.009023729    0.009021722    0.000076553
    4.744744745    0.009756416    0.009754305    0.000077263
    4.759759760    0.010581397    0.010579173    0.000077983
    4.774774775    0.011514730    0.011512384    0.000078714
    4.789789790    0.012576092    0.012573615    0.000079457
    4.804804805    0.013789796    0.013787179    0.000080211
    4.819819820    0.015186146    0.015183382    0.000080977
    4.834834835    0.016803285    0.016800368    0.000081756
    4.849849850    0.018689719    0.018686647    0.000082547
    4.864864865    0.020907837    0.020904613    0.000083352
    4.879879880    0.023538872    0.023535511    0.000084170
    4.894894895    0.026690021    0.026686555    0.000085002
    4.909909910    0.030504819    0.030501312    0.000085849
    4.924924925    0.035178528    0.035175092    0.000086710
    4.939939940    0.040981385    0.040978216    0.000087587
    4.954954955    0.048294372    0.048291803    0.000088479
    4.969969970    0.057665225    0.057663821    0.000089388
    4.984984985    0.069897411    0.069898124    0.000090313
    5.000000000    0.086192415    0.086196828    0.000091256
    5.015015015    0.108374523    0.108385167    0.000092218
    5.030030030    0.139225237    0.139245750    0.000093198
    5.045045045    0.182883040    0.182916882    0.000094197
    5.060060060    0.244896039    0.244938929    0.000095216
    5.075075075    0.330166794    0.330180150    0.000096257
    5.090090090    0.433991791    0.433856253    0.000097319
    5.105105105    0.523667950    0.523257426    0.000098403
    5.120120120    0.542006510    0.541517923    0.000099511
    5.135135135    0.473854566    0.473613504    0.000100644
    5.150150150    0.369590941    0.369562375    0.000101802
    5.165165165    0.275403260    0.275440239    0.000102986
    5.180180180    0.204650048    0.204687198    0.000104198
    5.195195195    0.154517893    0.154542127    0.000105439
    5.210210210    0.119230908    0.119244065    0.000106710
    5.225225225    0.094052024    0.094057883    0.000108013
    5.240240240    0.075713364    0.075714824    0.000109349
    5.255255255    0.062061866    0.062060794    0.000110720
    5.270270270    0.051684579    0.051682105    0.000112127
    5.285285285    0.043642941    0.043639737    0.000113573
    5.300300300    0.037302064    0.037298525    0.000115059
    5.315315315    0.032223803    0.032220160    0.000116588
    5.330330330    0.028099719    0.028096104    0.000118163
    5.345345345    0.024708521    0.024705007    0.000119785
    5.360360360    0.021888605    0.021885232    0.000121458
    5.375375375    0.019520008    0.019516793    0.000123184
    5.390390390    0.017512327    0.017509276    0.000124968
    5.405405405    0.015796484    0.015793595    0.000126813
    5.420420420    0.014319025    0.014316291    0.000128724
    5.435435435    0.013038095    0.013035509    0.000130704
    5.450450450    0.011920573    0.011918124    0.000132760
    5.465465465    0.010939984    0.010937664    0.000134897
    5.480480480    0.010074973    0.010072772    0.000137122
    5.495495495    0.009308168    0.009306077    0.000139442
    5.510510511    0.008625325    0.008623337    0.000141866
    5.525525526    0.008014681    0.008012787    0.000144403
    5.540540541    0.007466451    0.007464644    0.000147065
    5.555555556    0.006972449    0.006970723    0.000149865
    5.570570571    0.006525782    0.006524131    0.000152816
    5.585585586    0.006120615    0.006119034    0.000155938
    5.600600601    0.005751982    0.005750464    0.000159251
    5.615615616    0.005415634    0.005414177    0.000162779
    5.630630631    0.005107924    0.005106522    0.000166553
    5.645645646    0.004825701    0.004824352    0.000170608
    5.660660661    0.004566236    0.004564936    0.000174989
    5.675675676    0.004327156    0.004325901    0.000179752
    5.690690691    0.004106386    0.004105174    0.000184965
    5.705705706    0.003902110    0.003900939    0.000190718
    5.720720721    0.003712731    0.003711597    0.000197124
    5.735735736    0.003536840    0.003535742    0.000204335
    5.750750751    0.003373190    0.003372126    0.000212550
    5.765765766    0.003220675    0.003219643    0.000222042
    5.780780781    0.003078311    0.003077310    0.000233187
    5.795795796    0.002945220    0.002944248    0.000246520
    5.810810811    0.002820618    0.002819674    0.000262810
    5.825825826    0.002703800    0.002702882    0.000283193
    5.840840841    0.002594134    0.002593242    0.000309373
    5.855855856    0.002491051    0.002490184    0.000343946
    5.870870871    0.002394036    0.002393192    0.000390832
    5.885885886    0.002302625    0.002301804    0.000455658
    5.900900901    0.002216397    0.002215598    0.000545051
    5.915915916    0.002134969    0.002134192    0.000661314
    5.930930931    0.002057994    0.002057237    0.000786004
    5.945945946    0.001985154    0.001984418    0.000862753
    5.960960961    0.001916161    0.001915445    0.000838364
    5.975975976    0.001850751    0.001850054    0.000738705
    5.990990991    0.001788681    0.001788004    0.000629021
    6.006006006    0.001729731    0.001729072    0.000542814
    6.021021021    0.001673695    0.001673055    0.000483601
    6.036036036    0.001620387    0.001619766    0.000445496
    6.051051051    0.001569635    0.001569032    0.000422355
    6.066066066    0.001521279    0.001520694    0.000409710
    6.081081081    0.001475173    0.001474606    0.000404625
    6.096096096    0.001431181    0.001430632    0.000405235
    6.111111111    0.001389177    0.001388646    0.000410385
    6.126126126    0.001349046    0.001348533    0.000419384
    6.141141141    0.001310678    0.001310184    0.000431858
    6.156156156    0.001273975    0.001273500    0.000447661
    6.171171171    0.001238843    0.001238386    0.000466827
    6.186186186    0.001205196    0.001204757    0.000489538
    6.201201201    0.001172951    0.001172532    0.000516124
    6.216216216    0.001142036    0.001141636    0.000547064
    6.231231231    0.001112378    0.001111998    0.000583011
    6.246246246    0.001083914    0.001083553    0.000624823
    6.261261261    0.001056581    0.001056240    0.000673615
    6.276276276    0.001030321    0.001030002    0.000730840
    6.291291291    0.001005083    0.001004785    0.000798391
    6.306306306    0.000980814    0.000980538    0.000878761
    6.321321321    0.000957468    0.000957215    0.000975267
    6.336336336    0.000935002    0.000934771    0.001092385
    6.351351351    0.000913372    0.000913164    0.001236246
    6.366366366    0.000892540    0.000892357    0.001415391
    6.381381381    0.000872470    0.000872312    0.001641947
    6.396396396    0.000853126    0.000852994    0.001933469
    6.411411411    0.000834477    0.000834371    0.002315883
    6.426426426    0.000816492    0.000816413    0.002828182
    6.441441441    0.000799141    0.000799091    0.003529761
    6.456456456    0.000782398    0.000782378    0.004510820
    6.471471471    0.000766238    0.000766248    0.005902590
    6.486486486    0.000750635    0.000750677    0.007867284
    6.501501502    0.000735568    0.000735642    0.010493333
    6.516516517    0.000721014    0.000721122    0.013438894
    6.531531532    0.000706952    0.000707095    0.015449143
    6.546546547    0.000693362    0.000693542    0.015068464
    6.561561562    0.000680227    0.000680445    0.012622143
    6.576576577    0.000667529    0.000667787    0.009712333
    6.591591592    0.000655253    0.000655553    0.007306708
    6.606606607    0.000643385    0.000643728    0.005564397
    6.621621622    0.000631908    0.000632297    0.004354116
    6.636636637    0.000620811    0.000621246    0.003516611
    6.651651652    0.000610078    0.000610563    0.002922629
    6.666666667    0.000599700    0.000600236    0.002476916
    6.681681682    0.000589663    0.000590253    0.002127665
    6.696696697    0.000579957    0.000580603    0.001857465
    6.711711712    0.000570572    0.000571277    0.001656356
    6.726726727    0.000561498    0.000562264    0.001513327
    6.741741742    0.000552726    0.000553557    0.001419371
    6.756756757    0.000544248    0.000545147    0.001369609
    6.771771772    0.000536056    0.000537027    0.001363939
    6.786786787    0.000528142    0.000529188    0.001407686
    6.801801802    0.000520501    0.000521625    0.001512854
    6.816816817    0.000513126    0.000514333    0.001699457
    6.831831832    0.000506010    0.000507304    0.001993373
    6.846846847    0.000499149    0.000500535    0.002407556
    6.861861862    0.000492539    0.000494021    0.002879456
    6.876876877    0.000486174    0.000487759    0.003188869
    6.891891892    0.000480053    0.000481744    0.003087492
    6.906906907    0.000474170    0.000475975    0.002638539
    6.921921922    0.000468525    0.000470450    0.002117619
    6.936936937    0.000463114    0.000465166    0.001686797
    6.951951952    0.000457937    0.000460124    0.001370754
    6.966966967    0.000452994    0.000455323    0.001145969
    6.981981982    0.000448283    0.000450763    0.000985279
    6.996996997    0.000443806    0.000446446    0.000868304
    7.012012012    0.000439564    0.000442375    0.000781296
    7.027027027    0.000435560    0.000438552    0.000715205
    7.042042042    0.000431796    0.000434981    0.000664046
    7.057057057    0.000428277    0.000431668    0.000623799
    7.072072072    0.000425008    0.000428618    0.000591705
    7.087087087    0.000421996    0.000425841    0.000565832
    7.102102102    0.000419248    0.000423344    0.000544801
    7.117117117    0.000416774    0.000421139    0.000527605
    7.132132132    0.000414586    0.000419238    0.000513497
    7.147147147    0.000412695    0.000417656    0.000501915
    7.162162162    0.000411117    0.000416412    0.000492427
    7.177177177    0.000409870    0.000415524    0.000484698
    7.192192192    0.000408976    0.000415016    0.000478466
    7.207207207    0.000408458    0.000414917    0.000473520
    7.222222222    0.000408344    0.000415257    0.000469694
    7.237237237    0.000408669    0.000416073    0.000466852
    7.252252252    0.000409470    0.000417409    0.000464881
    7.267267267    0.000410793    0.000419316    0.000463692
    7.282282282    0.000412693    0.000421852    0.000463209
    7.297297297    0.000415231    0.000425089    0.000463370
    7.312312312    0.000418484    0.000429108    0.000464122
    7.327327327    0.000422540    0.000434008    0.000465421
    7.342342342    0.000427508    0.000439908    0.000467232
    7.357357357    0.000433514    0.000446950    0.000469524
    7.372372372    0.000440717    0.000455304    0.000472271
    7.387387387    0.000449308    0.000465181    0.000475453
    7.402402402    0.000459520    0.000476837    0.000479052
    7.417417417    0.000471647    0.000490591    0.000483055
    7.432432432    0.000486052    0.000506842    0.000487449
    7.447447447    0.000503199    0.000526092    0.000492226
    7.462462462    0.000523678    0.000548986    0.000497381
    7.477477477    0.000548255    0.000576352    0.000502907
    7.492492492    0.000577932    0.000609280    0.000508802
    7.507507508    0.000614046    0.000649215    0.000515066
    7.522522523    0.000658400    0.000698109    0.000521699
    7.537537538    0.000713475    0.000758640    0.000528703
    7.552552553    0.000782745    0.000834554    0.000536082
    7.567567568    0.000871171    0.000931195    0.000543840
    7.582582583    0.000985980    0.001056342    0.000551983
    7.597597598    0.001137916    0.001221545    0.000560520
    7.612612613    0.001343217    0.001444248    0.000569458
    7.627627628    0.001626616    0.001750992    0.000578808
    7.642642643    0.002025190    0.002181514    0.000588580
    7.657657658    0.002590269    0.002790681    0.000598789
    7.672672673    0.003374376    0.003634138    0.000609447
    7.687687688    0.004363635    0.004695159    0.000620570
    7.702702703    0.005312301    0.005708065    0.000632175
    7.717717718    0.005686709    0.006106137    0.000644281
    7.732732733    0.005208256    0.005607306    0.000656907
    7.747747748    0.004280344    0.004649959    0.000670076
    7.762762763    0.003404223    0.003763971    0.000683810
    7.777777778    0.002769458    0.003149748    0.000698135
    7.792792793    0.002377527    0.002814311    0.000713079
    7.807807808    0.002189416    0.002726296    0.000728672
    7.822822823    0.002172411    0.002861859    0.000744946
    7.837837838    0.002286122    0.003176638    0.000761936
    7.852852853    0.002428509    0.003515930    0.000779679
    7.867867868    0.002421341    0.003584794    0.000798216
    7.882882883    0.002180016    0.003232007    0.000817590
    7.897897898    0.001826395    0.002662749    0.000837851
    7.912912913    0.001502405    0.002128888    0.000859048
    7.927927928    0.001255661    0.001719821    0.000881238
    7.942942943    0.001079604    0.001427457    0.000904481
    7.957957958    0.000956179    0.001221760    0.000928843
    7.972972973    0.000870073    0.001076706    0.000954396
    7.987987988    0.000810647    0.000974089    0.000981218
    8.003003003    0.000770964    0.000901941    0.001009393
    8.018018018    0.000746631    0.000852554    0.001039014
    8.033033033    0.000734970    0.000821035    0.001070183
    8.048048048    0.000734507    0.000804394    0.001103012
    8.063063063    0.000744676    0.000800995    0.001137621
    8.078078078    0.000765687    0.000810259    0.001174145
    8.093093093    0.000798505    0.000832536    0.001212733
    8.108108108    0.000844945    0.000869128    0.001253548
    8.123123123    0.000907887    0.000922441    0.001296769
    8.138138138    0.000991663    0.000996318    0.001342599
    8.153153153    0.001102687    0.001096611    0.001391259
    8.168168168    0.001250488    0.001232130    0.001442999
    8.183183183    0.001449368    0.001416190    0.001498096
    8.198198198    0.001721053    0.001669085    0.001556863
    8.213213213    0.002098745    0.002021879    0.001619650
    8.228228228    0.002632470    0.002521425    0.001686853
    8.243243243    0.003392397    0.003233534    0.001758921
    8.258258258    0.004454011    0.004229331    0.001836364
    8.273273273    0.005813917    0.005507053    0.001919764
    8.288288288    0.007168531    0.006785273    0.002009789
    8.303303303    0.007791066    0.007384267    0.002107208
    8.318318318    0.007215909    0.006862095    0.002212911
    8.333333333    0.005942236    0.005682877    0.002327937
    8.348348348    0.004700437    0.004536008    0.002453498
    8.363363363    0.003795633    0.003713771    0.002591025
    8.378378378    0.003242601    0.003234400    0.002742217
    8.393393393    0.002971370    0.003032953    0.002909104
    8.408408408    0.002870712    0.002994231    0.003094131
    8.423423423    0.002762389    0.002921541    0.003300277
    8.438438438    0.002491350    0.002645571    0.003531200
    8.453453453    0.002094928    0.002217933    0.003791446
    8.468468468    0.001708570    0.001797314    0.004086735
    8.483483483    0.001399680    0.001461423    0.004424356
    8.498498498    0.001169746    0.001212450    0.004813751
    8.513513514    0.001000543    0.001030203    0.005267344
    8.528528529    0.000874507    0.000895193    0.005801796
    8.543543544    0.000778783    0.000793185    0.006439902
    8.558558559    0.000704604    0.000714508    0.007213530
    8.573573574    0.000646057    0.000652663    0.008168246
    8.588588589    0.000599111    0.000603243    0.009370629
    8.603603604    0.000560965    0.000563197    0.010919640
    8.618618619    0.000529632    0.000530373    0.012962947
    8.633633634    0.000503675    0.000503219    0.015714191
    8.648648649    0.000482030    0.000480595    0.019444223
    8.663663664    0.000463902    0.000461649    0.024342487
    8.678678679    0.000448682    0.000445732    0.030012472
    8.693693694    0.000435900    0.000432345    0.034699761
    8.708708709    0.000425189    0.000421101    0.036142644
    8.723723724    0.000416257    0.000411692    0.034667234
    8.738738739    0.000408874    0.000403876    0.032853744
    8.753753754    0.000402854    0.000397456    0.032524359
    8.768768769    0.000398047    0.000392278    0.034304112
    8.783783784    0.000394332    0.000388213    0.038477208
    8.798798799    0.000391612    0.000385160    0.045520957
    8.813813814    0.000389808    0.000383037    0.056342488
    8.828828829    0.000388857    0.000381778    0.072394280
    8.843843844    0.000388709    0.000381330    0.095487551
    8.858858859    0.000389325    0.000381654    0.126361454
    8.873873874    0.000390677    0.000382719    0.160158528
    8.888888889    0.000392744    0.000384504    0.181203296
    8.903903904    0.000395513    0.000386994    0.173553962
    8.918918919    0.000398980    0.000390184    0.143366457
    8.933933934    0.000403144    0.000394074    0.109370025
    8.948948949    0.000408014    0.000398671    0.081722540
    8.963963964    0.000413601    0.000403987    0.061686341
    8.978978979    0.000419927    0.000410042    0.047599280
    8.993993994    0.000427016    0.000416861    0.037655652
    9.009009009    0.000434899    0.000424475    0.030520298
    9.024024024    0.000443616    0.000432924    0.025298166
    9.039039039    0.000453211    0.000442252    0.021402736
    9.054054054    0.000463737    0.000452514    0.018448061
    9.069069069    0.000475257    0.000463771    0.016176621
    9.084084084    0.000487839    0.000476094    0.014413782
    9.099099099    0.000501566    0.000489565    0.013039435
    9.114114114    0.000516529    0.000504278    0.011970320
    9.129129129    0.000532834    0.000520339    0.011149008
    9.144144144    0.000550600    0.000537870    0.010537174
    9.159159159    0.000569965    0.000557011    0.010111842
    9.174174174    0.000591086    0.000577921    0.009863945
    9.189189189    0.000614141    0.000600783    0.009799016
    9.204204204    0.000639338    0.000625806    0.009939947
    9.219219219    0.000666912    0.000653232    0.010330744
    9.234234234    0.000697137    0.000683341    0.011034794
    9.249249249    0.000730330    0.000716455    0.012102035
    9.264264264    0.000766857    0.000752952    0.013442017
    9.279279279    0.000807150    0.000793271    0.014602427
    9.294294294    0.000851709    0.000837928    0.014920979
    9.309309309    0.000901127    0.000887533    0.014378714
    9.324324324    0.000956107    0.000942806    0.013665027
    9.339339339    0.001017483    0.001004607    0.013321969
    9.354354354    0.001086256    0.001073968    0.013529698
    9.369369369    0.001163631    0.001152134    0.014305148
    9.384384384    0.001251071    0.001240618    0.015550678
    9.399399399    0.001350366    0.001341274    0.016898723
    9.414414414    0.001463721    0.001456392    0.017724841
    9.429429429    0.001593879    0.001588822    0.017830527
    9.444444444    0.001744283    0.001742152    0.017751040
    9.459459459    0.001919301    0.001920939    0.018029226
    9.474474474    0.002124532    0.002131041    0.018875257
    9.489489489    0.002367244    0.002380079    0.020341026
    9.504504505    0.002656994    0.002678099    0.022475196
    9.519519520    0.003006532    0.003038542    0.025382918
    9.534534535    0.003433133    0.003479670    0.029253272
    9.549549550    0.003960600    0.004026731    0.034390554
    9.564564565    0.004622338    0.004715276    0.041266160
    9.579579580    0.005466145    0.005596356    0.050604621
    9.594594595    0.006561795    0.006744761    0.063517608
    9.609609610    0.008013168    0.008272208    0.081682507
    9.624624625    0.009977515    0.010348203    0.107457747
    9.639639640    0.012694751    0.013231261    0.143406561
    9.654654655    0.016525440    0.017307122    0.189544452
    9.669669670    0.021971474    0.023098409    0.236051290
    9.684684685    0.029556119    0.031090162    0.259106250
    9.699699700    0.039181861    0.040932398    0.243387450
    9.714714715    0.048512146    0.049709422    0.205671584
    9.729729730    0.052276160    0.051980712    0.170615201
    9.744744745    0.047452350    0.045882015    0.148025285
    9.759759760    0.037832583    0.036002605    0.135333659
    9.774774775    0.028435815    0.026916728    0.123592429
    9.789789790    0.021180319    0.020049728    0.106024236
    9.804804805    0.016005709    0.015178667    0.085152910
    9.819819820    0.012371746    0.011753698    0.066459449
    9.834834835    0.009794442    0.009315040    0.052005520
    9.849849850    0.007932058    0.007543869    0.041374234
    9.864864865    0.006558272    0.006229917    0.033580212
    9.879879880    0.005524805    0.005235283    0.027780021
    9.894894895    0.004733618    0.004468496    0.023374418
    9.909909910    0.004118807    0.003867802    0.019957824
    9.924924925    0.003635237    0.003390694    0.017256689
    9.939939940    0.003251433    0.003007348    0.015084062
    9.954954955    0.002945086    0.002696467    0.013309717
    9.969969970    0.002700185    0.002442604    0.011841070
    9.984984985    0.002505137    0.002234408    0.010610975
   10.000000000    0.002351537    0.002063458    0.009569819
   10.015015015    0.002233355    0.001923475    0.008680314
   10.030030030    0.002146392    0.001809788    0.007913992
   10.045045045    0.002087942    0.001718966    0.007248813
   10.060060060    0.002056589    0.001648581    0.006667489
   10.075075075    0.002052141    0.001597047    0.006156306
   10.090090090    0.002075660    0.001563548    0.005704262
   10.105105105    0.002129636    0.001548020    0.005302451
   10.120120120    0.002218308    0.001551209    0.004943595
   10.135135135    0.002348221    0.001574821    0.004621700
   10.150150150    0.002529112    0.001621779    0.004331789
   10.165165165    0.002775333    0.001696667    0.004069705
   10.180180180    0.003108111    0.001806442    0.003831948
   10.195195195    0.003559183    0.001961584    0.003615559
   10.210210210    0.004176560    0.002177917    0.003418018
   10.225225225    0.005033315    0.002479389    0.003237170
   10.240240240    0.006239104    0.002901753    0.003071161
   10.255255255    0.007947146    0.003495049    0.002918390
   10.270270270    0.010321597    0.004314579    0.002777470
   10.285285285    0.013355586    0.005367961    0.002647191
   10.300300300    0.016403276    0.006477597    0.002526495
   10.315315315    0.017951816    0.007213950    0.002414454
   10.330330330    0.017097186    0.007336510    0.002310251
   10.345345345    0.014964936    0.007225320    0.002213165
   10.360360360    0.013147968    0.007425940    0.002122555
   10.375375375    0.012377717    0.008256530    0.002037852
   10.390390390    0.012807826    0.009870911    0.001958551
   10.405405405    0.014344166    0.012238821    0.001884198
   10.420420420    0.016427019    0.014764421    0.001814387
   10.435435435    0.017623896    0.015973246    0.001748753
   10.450450450    0.016535315    0.014756971    0.001686968
   10.465465465    0.013661151    0.011973498    0.001628737
   10.480480480    0.010552045    0.009128762    0.001573790
   10.495495495    0.008033611    0.006887280    0.001521886
   10.510510511    0.006193173    0.005272490    0.001472804
   10.525525526    0.004880148    0.004131030    0.001426343
   10.540540541    0.003935940    0.003316623    0.001382321
   10.555555556    0.003243595    0.002724188    0.001340572
   10.570570571    0.002724391    0.002283707    0.001300943
   10.585585586    0.002326362    0.001949187    0.001263293
   10.600600601    0.002014967    0.001690171    0.001227496
   10.615615616    0.001766869    0.001486151    0.001193433
   10.630630631    0.001565978    0.001323047    0.001160996
   10.645645646    0.001400968    0.001190998    0.001130085
   10.660660661    0.001263712    0.001082974    0.001100609
   10.675675676    0.001148265    0.000993876    0.001072482
   10.690690691    0.001050207    0.000919957    0.001045626
   10.705705706    0.000966198    0.000858429    0.001019968
   10.720720721    0.000893682    0.000807201    0.000995440
   10.735735736    0.000830677    0.000764705    0.000971981
   10.750750751    0.000775630    0.000729769    0.000949530
   10.765765766    0.000727315    0.000701535    0.000928036
   10.780780781    0.000684758    0.000679400    0.000907446
   10.795795796    0.000647181    0.000662979    0.000887714
   10.810810811    0.000613965    0.000652091    0.000868797
   10.825825826    0.000584621    0.000646750    0.000850653
   10.840840841    0.000558773    0.000647176    0.000833244
   10.855855856    0.000536139    0.000653824    0.000816535
   10.870870871    0.000516533    0.000667436    0.000800491
   10.885885886    0.000499862    0.000689113    0.000785082
   10.900900901    0.000486133    0.000720441    0.000770278
   10.915915916    0.000475476    0.000763674    0.000756052
   10.930930931    0.000468176    0.000822016    0.000742377
   10.945945946    0.000464730    0.000900064    0.000729230
   10.960960961    0.000465934    0.001004491    0.000716587
   10.975975976    0.000473039    0.001145151    0.000704427
   10.990990991    0.000487982    0.001336836    0.000692730
   11.006006006    0.000513769    0.001602053    0.000681477
   11.021021021    0.000555041    0.001975163    0.000670649
   11.036036036    0.000618746    0.002507309    0.000660230
   11.051051051    0.000714222    0.003267013    0.000650204
   11.066066066    0.000849676    0.004314550    0.000640556
   11.081081081    0.001016928    0.005590708    0.000631271
   11.096096096    0.001160251    0.006689645    0.000622336
   11.111111111    0.001182844    0.006906100    0.000613739
   11.126126126    0.001059787    0.006059022    0.000605468
   11.141141141    0.000876655    0.004773066    0.000597511
   11.156156156    0.000711255    0.003616150    0.000589858
   11.171171171    0.000585896    0.002750545    0.000582498
   11.186186186    0.000495724    0.002137648    0.000575422
   11.201201201    0.000430942    0.001700646    0.000568621
   11.216216216    0.000383504    0.001379947    0.000562087
   11.231231231    0.000347813    0.001140117    0.000555812
   11.246246246    0.000320188    0.000958873    0.000549787
   11.261261261    0.000298276    0.000820183    0.000544006
   11.276276276    0.000280541    0.000712409    0.000538463
   11.291291291    0.000265918    0.000627249    0.000533150
   11.306306306    0.000253657    0.000558835    0.000528062
   11.321321321    0.000243220    0.000503010    0.000523192
   11.336336336    0.000234220    0.000456807    0.000518537
   11.351351351    0.000226371    0.000418092    0.000514091
   11.366366366    0.000219460    0.000385296    0.000509848
   11.381381381    0.000213327    0.000357238    0.000505806
   11.396396396    0.000207848    0.000333016    0.000501959
   11.411411411    0.000202926    0.000311930    0.000498304
   11.426426426    0.000198486    0.000293437    0.000494837
   11.441441441    0.000194466    0.000277105    0.000491555
   11.456456456    0.000190819    0.000262592    0.000488455
   11.471471471    0.000187505    0.000249620    0.000485534
   11.486486486    0.000184491    0.000237963    0.000482789
   11.501501502    0.000181752    0.000227438    0.000480219
   11.516516517    0.000179266    0.000217892    0.000477820
   11.531531532    0.000177014    0.000209197    0.000475591
   11.546546547    0.000174983    0.000201247    0.000473531
   11.561561562    0.000173161    0.000193953    0.000471638
   11.576576577    0.000171538    0.000187238    0.000469910
   11.591591592    0.000170107    0.000181036    0.000468346
   11.606606607    0.000168861    0.000175293    0.000466946
   11.621621622    0.000167797    0.000169960    0.000465707
   11.636636637    0.000166911    0.000164996    0.000464630
   11.651651652    0.000166203    0.000160364    0.000463715
   11.666666667    0.000165672    0.000156034    0.000462961
   11.681681682    0.000165319    0.000151976    0.000462370
   11.696696697    0.000165146    0.000148168    0.000461940
   11.711711712    0.000165157    0.000144587    0.000461673
   11.726726727    0.000165358    0.000141214    0.000461570
   11.741741742    0.000165753    0.000138033    0.000461631
   11.756756757    0.000166351    0.000135029    0.000461857
   11.771771772    0.000167161    0.000132188    0.000462249
   11.786786787    0.000168193    0.000129499    0.000462810
   11.801801802    0.000169460    0.000126950    0.000463540
   11.816816817    0.000170978    0.000124532    0.000464442
   11.831831832    0.000172762    0.000122236    0.000465519
   11.846846847    0.000174832    0.000120054    0.000466771
   11.861861862    0.000177211    0.000117979    0.000468203
   11.876876877    0.000179925    0.000116006    0.000469817
   11.891891892    0.000183003    0.000114127    0.000471617
   11.906906907    0.000186479    0.000112338    0.000473606
   11.921921922    0.000190393    0.000110634    0.000475787
   11.936936937    0.000194790    0.000109011    0.000478166
   11.951951952    0.000199722    0.000107464    0.000480746
   11.966966967    0.000205252    0.000105991    0.000483533
   11.981981982    0.000211449    0.000104588    0.000486531
   11.996996997    0.000218397    0.000103252    0.000489746
   12.012012012    0.000226193    0.000101981    0.000493184
   12.027027027    0.000234954    0.000100772    0.000496852
   12.042042042    0.000244816    0.000099624    0.000500757
   12.057057057    0.000255941    0.000098534    0.000504905
   12.072072072    0.000268527    0.000097501    0.000509305
   12.087087087    0.000282807    0.000096524    0.000513966
   12.102102102    0.000299071    0.000095601    0.000518896
   12.117117117    0.000317669    0.000094732    0.000524105
   12.132132132    0.000339035    0.000093917    0.000529605
   12.147147147    0.000363710    0.000093154    0.000535406
   12.162162162    0.000392374    0.000092444    0.000541521
   12.177177177    0.000425891    0.000091787    0.000547963
   12.192192192    0.000465369    0.000091184    0.000554748
   12.207207207    0.000512252    0.000090635    0.000561891
   12.222222222    0.000568440    0.000090142    0.000569412
   12.237237237    0.000636476    0.000089707    0.000577331
   12.252252252    0.000719811    0.000089332    0.000585671
   12.267267267    0.000823214    0.000089022    0.000594460
   12.282282282    0.000953398    0.000088781    0.000603731
   12.297297297    0.001119994    0.000088616    0.000613524
   12.312312312    0.001337101    0.000088537    0.000623892
   12.327327327    0.001625770    0.000088558    0.000634902
   12.342342342    0.002017925    0.000088700    0.000646649
   12.357357357    0.002562263    0.000088992    0.000659264
   12.372372372    0.003331546    0.000089478    0.000672934
   12.387387387    0.004424879    0.000090218    0.000687905
   12.402402402    0.005936451    0.000091270    0.000704415
   12.417417417    0.007808868    0.000092605    0.000722372
   12.432432432    0.009505688    0.000093931    0.000740637
   12.447447447    0.009991225    0.000094675    0.000756982
   12.462462462    0.008868231    0.000094623    0.000770578
   12.477477477    0.006989276    0.000094261    0.000783338
   12.492492492    0.005244159    0.000094095    0.000797257
   12.507507508    0.003920782    0.000094299    0.000813019
   12.522522523    0.002981468    0.000094865    0.000830598
   12.537537538    0.002321417    0.000095750    0.000849825
   12.552552553    0.001852042    0.000096922    0.000870573
   12.567567568    0.001511744    0.000098370    0.000892778
   12.582582583    0.001259875    0.000100093    0.000916430
   12.597597598    0.001069793    0.000102108    0.000941554
   12.612612613    0.000923846    0.000104437    0.000968204
   12.627627628    0.000810134    0.000107116    0.000996453
   12.642642643    0.000720490    0.000110188    0.001026395
   12.657657658    0.000649203    0.000113708    0.001058135
   12.672672673    0.000592219    0.000117744    0.001091796
   12.687687688    0.000546625    0.000122380    0.001127515
   12.702702703    0.000510312    0.000127718    0.001165444
   12.717717718    0.000481757    0.000133887    0.001205754
   12.732732733    0.000459873    0.000141047    0.001248633
   12.747747748    0.000443912    0.000149397    0.001294290
   12.762762763    0.000433413    0.000159195    0.001342957
   12.777777778    0.000428158    0.000170766    0.001394891
   12.792792793    0.000428172    0.000184537    0.001450381
   12.807807808    0.000433732    0.000201069    0.001509744
   12.822822823    0.000445410    0.000221110    0.001573338
   12.837837838    0.000464144    0.000245674    0.001641563
   12.852852853    0.000491361    0.000276162    0.001714867
   12.867867868    0.000529177    0.000314539    0.001793756
   12.882882883    0.000580708    0.000363620    0.001878797
   12.897897898    0.000650569    0.000427518    0.001970636
   12.912912913    0.000745678    0.000512360    0.002070003
   12.927927928    0.000876530    0.000627425    0.002177731
   12.942942943    0.001059126    0.000786874    0.002294773
   12.957957958    0.001317464    0.001011954    0.002422219
   12.972972973    0.001684801    0.001332091    0.002561328
   12.987987988    0.002195412    0.001777306    0.002713556
   13.003003003    0.002841645    0.002339102    0.002880594
   13.018018018    0.003468749    0.002874800    0.003064420
   13.033033033    0.003739705    0.003075236    0.003267362
   13.048048048    0.003481757    0.002778506    0.003492172
   13.063063063    0.002958680    0.002215995    0.003742137
   13.078078078    0.002499635    0.001674348    0.004021204
   13.093093093    0.002239251    0.001258682    0.004334138
   13.108108108    0.002192568    0.000963386    0.004686653
   13.123123123    0.002328369    0.000756921    0.005085336
   13.138138138    0.002543783    0.000610965    0.005537079
   13.153153153    0.002621957    0.000504595    0.006048767
   13.168168168    0.002393135    0.000423783    0.006630244
   13.183183183    0.001959889    0.000360821    0.007298437
   13.198198198    0.001525508    0.000311550    0.008075776
   13.213213213    0.001181663    0.000272850    0.008988364
   13.228228228    0.000930831    0.000242157    0.010068196
   13.243243243    0.000750560    0.000217503    0.011356792
   13.258258258    0.000619472    0.000197445    0.012909441
   13.273273273    0.000522136    0.000180935    0.014800936
   13.288288288    0.000448196    0.000167203    0.017134031
   13.303303303    0.000390787    0.000155680    0.020052332
   13.318318318    0.000345317    0.000145935    0.023760326
   13.333333333    0.000308658    0.000137639    0.028555006
   13.348348348    0.000278633    0.000130538    0.034876350
   13.363363363    0.000253698    0.000124433    0.043387857
   13.378378378    0.000232734    0.000119165    0.055101196
   13.393393393    0.000214915    0.000114609    0.071548579
   13.408408408    0.000199624    0.000110662    0.094929856
   13.423423423    0.000186386    0.000107244    0.127833329
   13.438438438    0.000174839    0.000104286    0.171130914
   13.453453453    0.000164695    0.000101733    0.217517946
   13.468468468    0.000155728    0.000099541    0.244814159
   13.483483483    0.000147758    0.000097672    0.232238584
   13.498498498    0.000140637    0.000096095    0.190084923
   13.513513514    0.000134247    0.000094785    0.143904643
   13.528528529    0.000128488    0.000093721    0.106723689
   13.543543544    0.000123278    0.000092888    0.079854888
   13.558558559    0.000118551    0.000092271    0.060953226
   13.573573574    0.000114249    0.000091860    0.047577226
   13.588588589    0.000110324    0.000091647    0.037938687
   13.603603604    0.000106735    0.000091628    0.030841685
   13.618618619    0.000103448    0.000091799    0.025502227
   13.633633634    0.000100432    0.000092159    0.021403314
   13.648648649    0.000097663    0.000092709    0.018198552
   13.663663664    0.000095119    0.000093453    0.015651297
   13.678678679    0.000092781    0.000094395    0.013596604
   13.693693694    0.000090633    0.000095543    0.011917235
   13.708708709    0.000088663    0.000096907    0.010528324
   13.723723724    0.000086859    0.000098498    0.009367375
   13.738738739    0.000085210    0.000100330    0.008387640
   13.753753754    0.000083711    0.000102422    0.007553641
   13.768768769    0.000082353    0.000104794    0.006838095
   13.783783784    0.000081134    0.000107471    0.006219763
   13.798798799    0.000080049    0.000110482    0.005681923
   13.813813814    0.000079098    0.000113859    0.005211278
   13.828828829    0.000078280    0.000117645    0.004797148
   13.843843844    0.000077596    0.000121884    0.004430882
   13.858858859    0.000077050    0.000126633    0.004105414
   13.873873874    0.000076647    0.000131956    0.003814929
   13.888888889    0.000076395    0.000137930    0.003554608
   13.903903904    0.000076303    0.000144648    0.003320431
   13.918918919    0.000076383    0.000152219    0.003109022
   13.933933934    0.000076653    0.000160775    0.002917532
   13.948948949    0.000077133    0.000170475    0.002743543
   13.963963964    0.000077849    0.000181515    0.002584991
   13.978978979    0.000078833    0.000194132    0.002440107
   13.993993994    0.000080126    0.000208621    0.002307369
   14.009009009    0.000081781    0.000225350    0.002185458
   14.024024024    0.000083862    0.000244781    0.002073231
   14.039039039    0.000086455    0.000267502    0.001969691
   14.054054054    0.000089668    0.000294270    0.001873966
   14.069069069    0.000093643    0.000326070    0.001785290
   14.084084084    0.000098568    0.000364201    0.001702989
   14.099099099    0.000104695    0.000410402    0.001626469
   14.114114114    0.000112368    0.000467039    0.001555200
   14.129129129    0.000122060    0.000537382    0.001488715
   14.144144144    0.000134439    0.000626043    0.001426595
   14.159159159    0.000150465    0.000739646    0.001368468
   14.174174174    0.000171543    0.000887904    0.001313999
   14.189189189    0.000199772    0.001085334    0.001262890
   14.204204204    0.000238337    0.001353973    0.001214869
   14.219219219    0.000292093    0.001727424    0.001169694
   14.234234234    0.000368298    0.002255747    0.001127146
   14.249249249    0.000476820    0.003006357    0.001087025
   14.264264264    0.000626983    0.004040113    0.001049151
   14.279279279    0.000812846    0.005304987    0.001013360
   14.294294294    0.000980562    0.006412504    0.000979504
   14.309309309    0.001027072    0.006664478    0.000947445
   14.324324324    0.000913925    0.005853233    0.000917061
   14.339339339    0.000726503    0.004583103    0.000888237
   14.354354354    0.000552855    0.003427359    0.000860869
   14.369369369    0.000421195    0.002557065    0.000834862
   14.384384384    0.000327648    0.001940192    0.000810129
   14.399399399    0.000261790    0.001506238    0.000786587
   14.414414414    0.000214832    0.001196926    0.000764163
   14.429429429    0.000180670    0.000971973    0.000742788
   14.444444444    0.000155273    0.000804828    0.000722400
   14.459459459    0.000136001    0.000678073    0.000702938
   14.474474474    0.000121102    0.000580146    0.000684350
   14.489489489    0.000109395    0.000503235    0.000666584
   14.504504505    0.000100067    0.000441954    0.000649593
   14.519519520    0.000092550    0.000392521    0.000633336
   14.534534535    0.000086439    0.000352228    0.000617770
   14.549549550    0.000081441    0.000319107    0.000602859
   14.564564565    0.000077341    0.000291706    0.000588568
   14.579579580    0.000073984    0.000268938    0.000574864
   14.594594595    0.000071254    0.000249988    0.000561716
   14.609609610    0.000069067    0.000234237    0.000549097
   14.624624625    0.000067367    0.000221217    0.000536979
   14.639639640    0.000066117    0.000210580    0.000525337
   14.654654655    0.000065300    0.000202071    0.000514149
   14.669669670    0.000064919    0.000195518    0.000503392
   14.684684685    0.000064995    0.000190821    0.000493046
   14.699699700    0.000065574    0.000187952    0.000483091
   14.714714715    0.000066733    0.000186956    0.000473511
   14.729729730    0.000068591    0.000187967    0.000464286
   14.744744745    0.000071323    0.000191228    0.000455403
   14.759759760    0.000075193    0.000197130    0.000446845
   14.774774775    0.000080596    0.000206269    0.000438598
   14.789789790    0.000088129    0.000219546    0.000430650
   14.804804805    0.000098698    0.000238312    0.000422987
   14.819819820    0.000113660    0.000264559    0.000415597
   14.834834835    0.000134882    0.000301052    0.000408470
   14.849849850    0.000164279    0.000350883    0.000401595
   14.864864865    0.000201428    0.000414901    0.000394962
   14.879879880    0.000237892    0.000485518    0.000388562
   14.894894895    0.000255893    0.000545619    0.000382385
   14.909909910    0.000247556    0.000590899    0.000376423
   14.924924925    0.000228357    0.000645741    0.000370669
   14.939939940    0.000216772    0.000741291    0.000365114
   14.954954955    0.000221358    0.000901721    0.000359752
   14.969969970    0.000244744    0.001145876    0.000354576
   14.984984985    0.000285534    0.001472415    0.000349579
   15.000000000    0.000331545    0.001806288    0.000344756
