# energy grid [eV]     epsr_x  epsr_y  epsr_z
#
    0.000000000    1.011850981    1.011759830    1.008115061
    0.015015015    1.011851076    1.011759925    1.008115080
    0.030030030    1.011851360    1.011760208    1.008115136
    0.045045045    1.011851834    1.011760681    1.008115229
    0.060060060    1.011852497    1.011761344    1.008115359
    0.075075075    1.011853350    1.011762195    1.008115526
    0.090090090    1.011854393    1.011763236    1.008115730
    0.105105105    1.011855626    1.011764466    1.008115972
    0.120120120    1.011857049    1.011765887    1.008116251
    0.135135135    1.011858661    1.011767496    1.008116567
    0.150150150    1.011860465    1.011769296    1.008116921
    0.165165165    1.011862458    1.011771286    1.008117311
    0.180180180    1.011864642    1.011773466    1.008117739
    0.195195195    1.011867017    1.011775837    1.008118204
    0.210210210    1.011869584    1.011778398    1.008118707
    0.225225225    1.011872341    1.011781151    1.008119246
    0.240240240    1.011875291    1.011784095    1.008119823
    0.255255255    1.011878432    1.011787231    1.008120438
    0.270270270    1.011881766    1.011790558    1.008121089
    0.285285285    1.011885292    1.011794078    1.008121778
    0.300300300    1.011889011    1.011797790    1.008122505
    0.315315315    1.011892924    1.011801696    1.008123269
    0.330330330    1.011897030    1.011805794    1.008124070
    0.345345345    1.011901331    1.011810087    1.008124909
    0.360360360    1.011905826    1.011814574    1.008125785
    0.375375375    1.011910516    1.011819256    1.008126699
    0.390390390    1.011915402    1.011824133    1.008127650
    0.405405405    1.011920484    1.011829206    1.008128639
    0.420420420    1.011925763    1.011834475    1.008129665
    0.435435435    1.011931239    1.011839940    1.008130730
    0.450450450    1.011936912    1.011845604    1.008131831
    0.465465465    1.011942784    1.011851465    1.008132971
    0.480480480    1.011948855    1.011857524    1.008134148
    0.495495495    1.011955125    1.011863783    1.008135363
    0.510510511    1.011961596    1.011870242    1.008136616
    0.525525526    1.011968267    1.011876901    1.008137907
    0.540540541    1.011975140    1.011883761    1.008139235
    0.555555556    1.011982215    1.011890824    1.008140602
    0.570570571    1.011989493    1.011898089    1.008142007
    0.585585586    1.011996975    1.011905557    1.008143449
    0.600600601    1.012004662    1.011913230    1.008144930
    0.615615616    1.012012554    1.011921108    1.008146449
    0.630630631    1.012020652    1.011929191    1.008148006
    0.645645646    1.012028957    1.011937481    1.008149601
    0.660660661    1.012037471    1.011945979    1.008151234
    0.675675676    1.012046193    1.011954686    1.008152906
    0.690690691    1.012055125    1.011963601    1.008154617
    0.705705706    1.012064267    1.011972728    1.008156365
    0.720720721    1.012073622    1.011982065    1.008158152
    0.735735736    1.012083189    1.011991615    1.008159978
    0.750750751    1.012092970    1.012001378    1.008161842
    0.765765766    1.012102965    1.012011356    1.008163745
    0.780780781    1.012113177    1.012021549    1.008165687
    0.795795796    1.012123605    1.012031959    1.008167668
    0.810810811    1.012134252    1.012042587    1.008169687
    0.825825826    1.012145118    1.012053434    1.008171745
    0.840840841    1.012156204    1.012064500    1.008173843
    0.855855856    1.012167512    1.012075789    1.008175979
    0.870870871    1.012179044    1.012087299    1.008178154
    0.885885886    1.012190799    1.012099034    1.008180369
    0.900900901    1.012202780    1.012110993    1.008182623
    0.915915916    1.012214987    1.012123179    1.008184916
    0.930930931    1.012227423    1.012135593    1.008187249
    0.945945946    1.012240088    1.012148236    1.008189621
    0.960960961    1.012252985    1.012161110    1.008192033
    0.975975976    1.012266114    1.012174216    1.008194485
    0.990990991    1.012279477    1.012187555    1.008196976
    1.006006006    1.012293075    1.012201130    1.008199507
    1.021021021    1.012306910    1.012214941    1.008202078
    1.036036036    1.012320984    1.012228990    1.008204689
    1.051051051    1.012335298    1.012243279    1.008207339
    1.066066066    1.012349854    1.012257810    1.008210031
    1.081081081    1.012364653    1.012272584    1.008212762
    1.096096096    1.012379697    1.012287602    1.008215534
    1.111111111    1.012394989    1.012302867    1.008218346
    1.126126126    1.012410529    1.012318381    1.008221198
    1.141141141    1.012426320    1.012334144    1.008224092
    1.156156156    1.012442363    1.012350160    1.008227026
    1.171171171    1.012458660    1.012366429    1.008230001
    1.186186186    1.012475214    1.012382955    1.008233016
    1.201201201    1.012492026    1.012399738    1.008236073
    1.216216216    1.012509098    1.012416781    1.008239171
    1.231231231    1.012526432    1.012434086    1.008242310
    1.246246246    1.012544031    1.012451655    1.008245490
    1.261261261    1.012561896    1.012469490    1.008248712
    1.276276276    1.012580030    1.012487593    1.008251975
    1.291291291    1.012598434    1.012505966    1.008255280
    1.306306306    1.012617112    1.012524613    1.008258627
    1.321321321    1.012636065    1.012543534    1.008262016
    1.336336336    1.012655296    1.012562733    1.008265447
    1.351351351    1.012674807    1.012582211    1.008268919
    1.366366366    1.012694600    1.012601972    1.008272434
    1.381381381    1.012714679    1.012622017    1.008275992
    1.396396396    1.012735045    1.012642350    1.008279591
    1.411411411    1.012755701    1.012662972    1.008283234
    1.426426426    1.012776650    1.012683886    1.008286919
    1.441441441    1.012797895    1.012705096    1.008290647
    1.456456456    1.012819438    1.012726604    1.008294418
    1.471471471    1.012841281    1.012748412    1.008298232
    1.486486486    1.012863429    1.012770523    1.008302089
    1.501501502    1.012885883    1.012792941    1.008305990
    1.516516517    1.012908647    1.012815668    1.008309934
    1.531531532    1.012931724    1.012838708    1.008313922
    1.546546547    1.012955116    1.012862062    1.008317953
    1.561561562    1.012978828    1.012885736    1.008322029
    1.576576577    1.013002861    1.012909730    1.008326148
    1.591591592    1.013027219    1.012934050    1.008330312
    1.606606607    1.013051907    1.012958698    1.008334520
    1.621621622    1.013076926    1.012983677    1.008338773
    1.636636637    1.013102280    1.013008992    1.008343070
    1.651651652    1.013127974    1.013034645    1.008347412
    1.666666667    1.013154010    1.013060640    1.008351799
    1.681681682    1.013180392    1.013086980    1.008356231
    1.696696697    1.013207124    1.013113671    1.008360709
    1.711711712    1.013234209    1.013140714    1.008365231
    1.726726727    1.013261652    1.013168114    1.008369800
    1.741741742    1.013289457    1.013195876    1.008374414
    1.756756757    1.013317626    1.013224002    1.008379074
    1.771771772    1.013346166    1.013252497    1.008383780
    1.786786787    1.013375079    1.013281366    1.008388533
    1.801801802    1.013404369    1.013310612    1.008393332
    1.816816817    1.013434042    1.013340240    1.008398177
    1.831831832    1.013464102    1.013370254    1.008403070
    1.846846847    1.013494553    1.013400659    1.008408009
    1.861861862    1.013525400    1.013431459    1.008412995
    1.876876877    1.013556647    1.013462659    1.008418029
    1.891891892    1.013588299    1.013494264    1.008423110
    1.906906907    1.013620361    1.013526279    1.008428239
    1.921921922    1.013652839    1.013558708    1.008433416
    1.936936937    1.013685736    1.013591557    1.008438641
    1.951951952    1.013719059    1.013624830    1.008443914
    1.966966967    1.013752813    1.013658534    1.008449236
    1.981981982    1.013787002    1.013692674    1.008454607
    1.996996997    1.013821633    1.013727254    1.008460026
    2.012012012    1.013856711    1.013762282    1.008465494
    2.027027027    1.013892242    1.013797761    1.008471012
    2.042042042    1.013928231    1.013833699    1.008476579
    2.057057057    1.013964686    1.013870101    1.008482196
    2.072072072    1.014001610    1.013906973    1.008487862
    2.087087087    1.014039012    1.013944321    1.008493579
    2.102102102    1.014076897    1.013982152    1.008499346
    2.117117117    1.014115272    1.014020473    1.008505164
    2.132132132    1.014154143    1.014059289    1.008511033
    2.147147147    1.014193517    1.014098608    1.008516952
    2.162162162    1.014233401    1.014138437    1.008522923
    2.177177177    1.014273802    1.014178782    1.008528946
    2.192192192    1.014314727    1.014219651    1.008535020
    2.207207207    1.014356183    1.014261050    1.008541146
    2.222222222    1.014398179    1.014302989    1.008547324
    2.237237237    1.014440721    1.014345473    1.008553555
    2.252252252    1.014483818    1.014388511    1.008559838
    2.267267267    1.014527478    1.014432112    1.008566174
    2.282282282    1.014571708    1.014476282    1.008572564
    2.297297297    1.014616517    1.014521032    1.008579006
    2.312312312    1.014661913    1.014566368    1.008585503
    2.327327327    1.014707906    1.014612300    1.008592053
    2.342342342    1.014754504    1.014658836    1.008598658
    2.357357357    1.014801716    1.014705986    1.008605317
    2.372372372    1.014849551    1.014753760    1.008612031
    2.387387387    1.014898020    1.014802165    1.008618800
    2.402402402    1.014947132    1.014851214    1.008625625
    2.417417417    1.014996896    1.014900914    1.008632505
    2.432432432    1.015047324    1.014951277    1.008639440
    2.447447447    1.015098424    1.015002313    1.008646432
    2.462462462    1.015150209    1.015054033    1.008653481
    2.477477477    1.015202689    1.015106446    1.008660586
    2.492492492    1.015255875    1.015159566    1.008667748
    2.507507508    1.015309779    1.015213402    1.008674967
    2.522522523    1.015364411    1.015267968    1.008682244
    2.537537538    1.015419786    1.015323274    1.008689579
    2.552552553    1.015475913    1.015379332    1.008696972
    2.567567568    1.015532807    1.015436157    1.008704424
    2.582582583    1.015590479    1.015493759    1.008711935
    2.597597598    1.015648944    1.015552154    1.008719505
    2.612612613    1.015708214    1.015611353    1.008727134
    2.627627628    1.015768303    1.015671371    1.008734823
    2.642642643    1.015829226    1.015732221    1.008742573
    2.657657658    1.015890996    1.015793920    1.008750382
    2.672672673    1.015953630    1.015856480    1.008758253
    2.687687688    1.016017142    1.015919918    1.008766185
    2.702702703    1.016081547    1.015984249    1.008774179
    2.717717718    1.016146862    1.016049489    1.008782234
    2.732732733    1.016213103    1.016115654    1.008790352
    2.747747748    1.016280287    1.016182762    1.008798532
    2.762762763    1.016348431    1.016250830    1.008806775
    2.777777778    1.016417553    1.016319874    1.008815082
    2.792792793    1.016487671    1.016389915    1.008823452
    2.807807808    1.016558804    1.016460969    1.008831887
    2.822822823    1.016630970    1.016533056    1.008840386
    2.837837838    1.016704190    1.016606197    1.008848950
    2.852852853    1.016778484    1.016680410    1.008857579
    2.867867868    1.016853872    1.016755717    1.008866274
    2.882882883    1.016930376    1.016832139    1.008875034
    2.897897898    1.017008017    1.016909698    1.008883862
    2.912912913    1.017086818    1.016988416    1.008892756
    2.927927928    1.017166802    1.017068317    1.008901718
    2.942942943    1.017247993    1.017149423    1.008910747
    2.957957958    1.017330415    1.017231760    1.008919844
    2.972972973    1.017414093    1.017315353    1.008929010
    2.987987988    1.017499053    1.017400226    1.008938245
    3.003003003    1.017585321    1.017486407    1.008947550
    3.018018018    1.017672925    1.017573924    1.008956924
    3.033033033    1.017761893    1.017662803    1.008966369
    3.048048048    1.017852253    1.017753074    1.008975885
    3.063063063    1.017944035    1.017844767    1.008985472
    3.078078078    1.018037270    1.017937911    1.008995130
    3.093093093    1.018131990    1.018032540    1.009004861
    3.108108108    1.018228226    1.018128684    1.009014665
    3.123123123    1.018326012    1.018226377    1.009024542
    3.138138138    1.018425383    1.018325655    1.009034493
    3.153153153    1.018526374    1.018426552    1.009044518
    3.168168168    1.018629022    1.018529105    1.009054617
    3.183183183    1.018733364    1.018633351    1.009064792
    3.198198198    1.018839439    1.018739330    1.009075043
    3.213213213    1.018947288    1.018847081    1.009085369
    3.228228228    1.019056951    1.018956646    1.009095773
    3.243243243    1.019168472    1.019068068    1.009106254
    3.258258258    1.019281895    1.019181391    1.009116813
    3.273273273    1.019397264    1.019296659    1.009127451
    3.288288288    1.019514628    1.019413922    1.009138167
    3.303303303    1.019634034    1.019533226    1.009148963
    3.318318318    1.019755533    1.019654622    1.009159840
    3.333333333    1.019879177    1.019778162    1.009170797
    3.348348348    1.020005020    1.019903899    1.009181835
    3.363363363    1.020133116    1.020031890    1.009192956
    3.378378378    1.020263524    1.020162191    1.009204159
    3.393393393    1.020396303    1.020294862    1.009215445
    3.408408408    1.020531513    1.020429964    1.009226815
    3.423423423    1.020669220    1.020567561    1.009238270
    3.438438438    1.020809488    1.020707718    1.009249810
    3.453453453    1.020952387    1.020850505    1.009261435
    3.468468468    1.021097986    1.020995992    1.009273147
    3.483483483    1.021246360    1.021144252    1.009284946
    3.498498498    1.021397584    1.021295361    1.009296832
    3.513513514    1.021551737    1.021449399    1.009308808
    3.528528529    1.021708901    1.021606447    1.009320872
    3.543543544    1.021869162    1.021766589    1.009333026
    3.558558559    1.022032607    1.021929916    1.009345271
    3.573573574    1.022199329    1.022096517    1.009357607
    3.588588589    1.022369422    1.022266489    1.009370035
    3.603603604    1.022542985    1.022439930    1.009382556
    3.618618619    1.022720122    1.022616943    1.009395171
    3.633633634    1.022900940    1.022797636    1.009407880
    3.648648649    1.023085550    1.022982121    1.009420684
    3.663663664    1.023274069    1.023170512    1.009433584
    3.678678679    1.023466617    1.023362932    1.009446580
    3.693693694    1.023663321    1.023559505    1.009459674
    3.708708709    1.023864311    1.023760365    1.009472867
    3.723723724    1.024069726    1.023965646    1.009486159
    3.738738739    1.024279707    1.024175494    1.009499551
    3.753753754    1.024494404    1.024390056    1.009513043
    3.768768769    1.024713974    1.024609488    1.009526638
    3.783783784    1.024938578    1.024833954    1.009540335
    3.798798799    1.025168387    1.025063623    1.009554136
    3.813813814    1.025403579    1.025298674    1.009568042
    3.828828829    1.025644340    1.025539292    1.009582053
    3.843843844    1.025890866    1.025785672    1.009596170
    3.858858859    1.026143359    1.026038020    1.009610395
    3.873873874    1.026402036    1.026296548    1.009624728
    3.888888889    1.026667119    1.026561481    1.009639171
    3.903903904    1.026938844    1.026833055    1.009653723
    3.918918919    1.027217459    1.027111516    1.009668388
    3.933933934    1.027503223    1.027397124    1.009683164
    3.948948949    1.027796409    1.027690152    1.009698055
    3.963963964    1.028097303    1.027990888    1.009713060
    3.978978979    1.028406209    1.028299631    1.009728180
    3.993993994    1.028723443    1.028616702    1.009743418
    4.009009009    1.029049342    1.028942434    1.009758773
    4.024024024    1.029384257    1.029277182    1.009774247
    4.039039039    1.029728563    1.029621317    1.009789842
    4.054054054    1.030082652    1.029975233    1.009805558
    4.069069069    1.030446942    1.030339347    1.009821397
    4.084084084    1.030821871    1.030714098    1.009837360
    4.099099099    1.031207906    1.031099951    1.009853448
    4.114114114    1.031605540    1.031497401    1.009869662
    4.129129129    1.032015295    1.031906970    1.009886004
    4.144144144    1.032437727    1.032329212    1.009902475
    4.159159159    1.032873424    1.032764716    1.009919077
    4.174174174    1.033323014    1.033214110    1.009935810
    4.189189189    1.033787162    1.033678058    1.009952676
    4.204204204    1.034266577    1.034157271    1.009969677
    4.219219219    1.034762018    1.034652504    1.009986815
    4.234234234    1.035274289    1.035164565    1.010004089
    4.249249249    1.035804254    1.035694315    1.010021503
    4.264264264    1.036352835    1.036242677    1.010039057
    4.279279279    1.036921018    1.036810637    1.010056753
    4.294294294    1.037509861    1.037399253    1.010074593
    4.309309309    1.038120500    1.038009660    1.010092579
    4.324324324    1.038754155    1.038643077    1.010110711
    4.339339339    1.039412137    1.039300816    1.010128992
    4.354354354    1.040095860    1.039984291    1.010147423
    4.369369369    1.040806849    1.040695026    1.010166007
    4.384384384    1.041546751    1.041434668    1.010184744
    4.399399399    1.042317348    1.042204999    1.010203637
    4.414414414    1.043120572    1.043007950    1.010222688
    4.429429429    1.043958517    1.043845614    1.010241898
    4.444444444    1.044833462    1.044720272    1.010261270
    4.459459459    1.045747887    1.045634401    1.010280805
    4.474474474    1.046704499    1.046590709    1.010300505
    4.489489489    1.047706256    1.047592153    1.010320373
    4.504504505    1.048756396    1.048641970    1.010340411
    4.519519520    1.049858474    1.049743716    1.010360620
    4.534534535    1.051016399    1.050901297    1.010381004
    4.549549550    1.052234478    1.052119021    1.010401564
    4.564564565    1.053517469    1.053401645    1.010422302
    4.579579580    1.054870642    1.054754438    1.010443222
    4.594594595    1.056299845    1.056183247    1.010464324
    4.609609610    1.057811590    1.057694583    1.010485613
    4.624624625    1.059413144    1.059295711    1.010507090
    4.639639640    1.061112643    1.060994767    1.010528758
    4.654654655    1.062919220    1.062800883    1.010550620
    4.669669670    1.064843168    1.064724350    1.010572678
    4.684684685    1.066896118    1.066776796    1.010594935
    4.699699700    1.069091262    1.068971414    1.010617394
    4.714714715    1.071443624    1.071323224    1.010640058
    4.729729730    1.073970371    1.073849392    1.010662931
    4.744744745    1.076691210    1.076569622    1.010686014
    4.759759760    1.079628853    1.079506623    1.010709312
    4.774774775    1.082809597    1.082686690    1.010732827
    4.789789790    1.086264032    1.086140410    1.010756564
    4.804804805    1.090027913    1.089903536    1.010780524
    4.819819820    1.094143247    1.094018068    1.010804713
    4.834834835    1.098659627    1.098533598    1.010829133
    4.849849850    1.103635911    1.103508978    1.010853788
    4.864864865    1.109142287    1.109014393    1.010878683
    4.879879880    1.115262831    1.115133912    1.010903821
    4.894894895    1.122098623    1.121968608    1.010929206
    4.909909910    1.129771426    1.129640237    1.010954843
    4.924924925    1.138427802    1.138295343    1.010980735
    4.939939940    1.148243087    1.148109239    1.011006888
    4.954954955    1.159423715    1.159288301    1.011033306
    4.969969970    1.172204007    1.172066739    1.011059994
    4.984984985    1.186828142    1.186688473    1.011086957
    5.000000000    1.203494985    1.203351787    1.011114199
    5.015015015    1.222212456    1.222063242    1.011141727
    5.030030030    1.242434374    1.242273491    1.011169545
    5.045045045    1.262186927    1.262001570    1.011197660
    5.060060060    1.276089682    1.275852924    1.011226077
    5.075075075    1.271575647    1.271244772    1.011254803
    5.090090090    1.225298398    1.224867044    1.011283843
    5.105105105    1.113712555    1.113364895    1.011313205
    5.120120120    0.954788836    0.954791172    1.011342894
    5.135135135    0.818722474    0.818934450    1.011372919
    5.150150150    0.748569827    0.748724706    1.011403287
    5.165165165    0.731037438    0.731085697    1.011434005
    5.180180180    0.739783947    0.739765667    1.011465082
    5.195195195    0.758179318    0.758128272    1.011496525
    5.210210210    0.778580641    0.778514087    1.011528344
    5.225225225    0.798004265    0.797929964    1.011560548
    5.240240240    0.815492937    0.815414299    1.011593146
    5.255255255    0.830899965    0.830818521    1.011626149
    5.270270270    0.844374792    0.844291266    1.011659567
    5.285285285    0.856153733    0.856068497    1.011693411
    5.300300300    0.866478463    0.866391734    1.011727693
    5.315315315    0.875567242    0.875479163    1.011762425
    5.330330330    0.883607492    0.883518171    1.011797620
    5.345345345    0.890756612    0.890666137    1.011833291
    5.360360360    0.897145574    0.897054021    1.011869455
    5.375375375    0.902883090    0.902790529    1.011906124
    5.390390390    0.908059493    0.907965985    1.011943317
    5.405405405    0.912750075    0.912655678    1.011981050
    5.420420420    0.917017861    0.916922625    1.012019341
    5.435435435    0.920915852    0.920819827    1.012058212
    5.450450450    0.924488850    0.924392079    1.012097681
    5.465465465    0.927774917    0.927677440    1.012137774
    5.480480480    0.930806552    0.930708406    1.012178513
    5.495495495    0.933611640    0.933512860    1.012219925
    5.510510511    0.936214223    0.936114839    1.012262040
    5.525525526    0.938635122    0.938535164    1.012304887
    5.540540541    0.940892451    0.940791945    1.012348501
    5.555555556    0.943002031    0.942901002    1.012392919
    5.570570571    0.944977736    0.944876207    1.012438182
    5.585585586    0.946831784    0.946729775    1.012484334
    5.600600601    0.948574965    0.948472496    1.012531426
    5.615615616    0.950216847    0.950113937    1.012579513
    5.630630631    0.951765942    0.951662607    1.012628658
    5.645645646    0.953229843    0.953126099    1.012678932
    5.660660661    0.954615346    0.954511207    1.012730413
    5.675675676    0.955928548    0.955824029    1.012783193
    5.690690691    0.957174938    0.957070052    1.012837376
    5.705705706    0.958359468    0.958254226    1.012893085
    5.720720721    0.959486615    0.959381030    1.012950459
    5.735735736    0.960560439    0.960454521    1.013009664
    5.750750751    0.961584630    0.961478389    1.013070893
    5.765765766    0.962562545    0.962455992    1.013134372
    5.780780781    0.963497251    0.963390394    1.013200366
    5.795795796    0.964391549    0.964284398    1.013269180
    5.810810811    0.965248006    0.965140569    1.013341143
    5.825825826    0.966068979    0.965961263    1.013416582
    5.840840841    0.966856632    0.966748645    1.013495709
    5.855855856    0.967612960    0.967504710    1.013578365
    5.870870871    0.968339802    0.968231296    1.013663374
    5.885885886    0.969038859    0.968930104    1.013747030
    5.900900901    0.969711701    0.969602704    1.013819864
    5.915915916    0.970359788    0.970250554    1.013861620
    5.930930931    0.970984469    0.970875006    1.013841827
    5.945945946    0.971587001    0.971477314    1.013749894
    5.960960961    0.972168553    0.972058649    1.013642215
    5.975975976    0.972730213    0.972620097    1.013596494
    5.990990991    0.973272996    0.973162674    1.013626388
    6.006006006    0.973797850    0.973687328    1.013703467
    6.021021021    0.974305663    0.974194946    1.013802340
    6.036036036    0.974797262    0.974686356    1.013909874
    6.051051051    0.975273426    0.975162337    1.014020673
    6.066066066    0.975734883    0.975623615    1.014132963
    6.081081081    0.976182318    0.976070877    1.014246492
    6.096096096    0.976616373    0.976504764    1.014361619
    6.111111111    0.977037653    0.976925883    1.014478935
    6.126126126    0.977446729    0.977334802    1.014599124
    6.141141141    0.977844137    0.977732058    1.014722909
    6.156156156    0.978230382    0.978118158    1.014851044
    6.171171171    0.978605945    0.978493580    1.014984325
    6.186186186    0.978971275    0.978858775    1.015123606
    6.201201201    0.979326800    0.979214171    1.015269822
    6.216216216    0.979672925    0.979560173    1.015424015
    6.231231231    0.980010031    0.979897162    1.015587362
    6.246246246    0.980338484    0.980225502    1.015761218
    6.261261261    0.980658625    0.980545538    1.015947151
    6.276276276    0.980970783    0.980857596    1.016147003
    6.291291291    0.981275267    0.981161988    1.016362950
    6.306306306    0.981572374    0.981459007    1.016597584
    6.321321321    0.981862383    0.981748936    1.016854006
    6.336336336    0.982145562    0.982032042    1.017135935
    6.351351351    0.982422166    0.982308579    1.017447827
    6.366366366    0.982692438    0.982578791    1.017794984
    6.381381381    0.982956608    0.982842910    1.018183574
    6.396396396    0.983214899    0.983101156    1.018620451
    6.411411411    0.983467521    0.983353741    1.019112382
    6.426426426    0.983714676    0.983600868    1.019663859
    6.441441441    0.983956557    0.983842729    1.020271465
    6.456456456    0.984193349    0.984079509    1.020909990
    6.471471471    0.984425229    0.984311386    1.021499546
    6.486486486    0.984652366    0.984538529    1.021833917
    6.501501502    0.984874922    0.984761101    1.021460241
    6.516516517    0.985093053    0.984979258    1.019645453
    6.531531532    0.985306908    0.985193150    1.015971261
    6.546546547    0.985516632    0.985402921    1.011564734
    6.561561562    0.985722365    0.985608711    1.008419179
    6.576576577    0.985924239    0.985810655    1.007124095
    6.591591592    0.986122382    0.986008881    1.007041857
    6.606606607    0.986316918    0.986203511    1.007502027
    6.621621622    0.986507965    0.986394666    1.008134563
    6.636636637    0.986695638    0.986582461    1.008774537
    6.651651652    0.986880048    0.986767006    1.009358225
    6.666666667    0.987061301    0.986948410    1.009878225
    6.681681682    0.987239502    0.987126777    1.010355822
    6.696696697    0.987414750    0.987302208    1.010806292
    6.711711712    0.987587143    0.987474801    1.011231874
    6.726726727    0.987756775    0.987644650    1.011632967
    6.741741742    0.987923737    0.987811849    1.012012363
    6.756756757    0.988088119    0.987976487    1.012374315
    6.771771772    0.988250006    0.988138650    1.012723023
    6.786786787    0.988409482    0.988298426    1.013061090
    6.801801802    0.988566631    0.988455895    1.013386908
    6.816816817    0.988721531    0.988611141    1.013688877
    6.831831832    0.988874262    0.988764242    1.013932946
    6.846846847    0.989024900    0.988915277    1.014041861
    6.861861862    0.989173520    0.989064322    1.013890399
    6.876876877    0.989320196    0.989211453    1.013411172
    6.891891892    0.989465002    0.989356743    1.012805609
    6.906906907    0.989608008    0.989500267    1.012416137
    6.921921922    0.989749285    0.989642097    1.012338260
    6.936936937    0.989888904    0.989782306    1.012461011
    6.951951952    0.990026935    0.989920964    1.012670936
    6.966966967    0.990163447    0.990058144    1.012906623
    6.981981982    0.990298508    0.990193917    1.013141905
    6.996996997    0.990432189    0.990328356    1.013367376
    7.012012012    0.990564558    0.990461532    1.013580649
    7.027027027    0.990695686    0.990593518    1.013782046
    7.042042042    0.990825643    0.990724389    1.013972808
    7.057057057    0.990954502    0.990854220    1.014154375
    7.072072072    0.991082334    0.990983087    1.014328120
    7.087087087    0.991209215    0.991111070    1.014495260
    7.102102102    0.991335222    0.991238249    1.014656843
    7.117117117    0.991460432    0.991364708    1.014813765
    7.132132132    0.991584929    0.991490536    1.014966781
    7.147147147    0.991708797    0.991615821    1.015116540
    7.162162162    0.991832125    0.991740661    1.015263592
    7.177177177    0.991955006    0.991865156    1.015408416
    7.192192192    0.992077540    0.991989411    1.015551422
    7.207207207    0.992199832    0.992113542    1.015692971
    7.222222222    0.992321993    0.992237669    1.015833382
    7.237237237    0.992444145    0.992361923    1.015972936
    7.252252252    0.992566416    0.992486447    1.016111885
    7.267267267    0.992688950    0.992611394    1.016250457
    7.282282282    0.992811900    0.992736933    1.016388858
    7.297297297    0.992935436    0.992863250    1.016527277
    7.312312312    0.993059746    0.992990552    1.016665888
    7.327327327    0.993185040    0.993119067    1.016804854
    7.342342342    0.993311551    0.993249052    1.016944325
    7.357357357    0.993439544    0.993380798    1.017084444
    7.372372372    0.993569317    0.993514634    1.017225347
    7.387387387    0.993701212    0.993650933    1.017367162
    7.402402402    0.993835620    0.993790127    1.017510014
    7.417417417    0.993972995    0.993932714    1.017654021
    7.432432432    0.994113864    0.994079272    1.017799301
    7.447447447    0.994258843    0.994230479    1.017945967
    7.462462462    0.994408660    0.994387132    1.018094130
    7.477477477    0.994564176    0.994550175    1.018243902
    7.492492492    0.994726417    0.994720732    1.018395390
    7.507507508    0.994896607    0.994900144    1.018548705
    7.522522523    0.995076213    0.995090014    1.018703954
    7.537537538    0.995266982    0.995292253    1.018861248
    7.552552553    0.995470974    0.995509110    1.019020697
    7.567567568    0.995690546    0.995743163    1.019182413
    7.582582583    0.995928228    0.995997179    1.019346508
    7.597597598    0.996186295    0.996273660    1.019513099
    7.612612613    0.996465617    0.996573608    1.019682303
    7.627627628    0.996762760    0.996893405    1.019854241
    7.642642643    0.997062952    0.997217258    1.020029036
    7.657657658    0.997323865    0.997499780    1.020206816
    7.672672673    0.997442993    0.997631096    1.020387713
    7.687687688    0.997217587    0.997394753    1.020571862
    7.702702703    0.996400186    0.996530360    1.020759403
    7.717717718    0.995048994    0.995110056    1.020950483
    7.732732733    0.993780699    0.993794298    1.021145253
    7.747747748    0.993118744    0.993128687    1.021343869
    7.762762763    0.993015848    0.993055119    1.021546497
    7.777777778    0.993214711    0.993300220    1.021753308
    7.792792793    0.993529992    0.993666697    1.021964482
    7.807807808    0.993861565    0.994041534    1.022180205
    7.822822823    0.994142271    0.994334232    1.022400674
    7.837837838    0.994297360    0.994425970    1.022626097
    7.852852853    0.994250822    0.994185935    1.022856691
    7.867867868    0.994029813    0.993649859    1.023092684
    7.882882883    0.993828355    0.993143657    1.023334317
    7.897897898    0.993799066    0.992938104    1.023581845
    7.912912913    0.993923210    0.993007614    1.023835536
    7.927927928    0.994125467    0.993221044    1.024095676
    7.942942943    0.994354770    0.993487120    1.024362566
    7.957957958    0.994587674    0.993762965    1.024636525
    7.972972973    0.994815667    0.994032232    1.024917893
    7.987987988    0.995036803    0.994290318    1.025207033
    8.003003003    0.995251766    0.994537349    1.025504329
    8.018018018    0.995462222    0.994775218    1.025810193
    8.033033033    0.995670171    0.995006386    1.026125063
    8.048048048    0.995877719    0.995233444    1.026449408
    8.063063063    0.996087023    0.995458984    1.026783734
    8.078078078    0.996300324    0.995685601    1.027128579
    8.093093093    0.996519999    0.995915946    1.027484524
    8.108108108    0.996748639    0.996152804    1.027852194
    8.123123123    0.996989121    0.996399179    1.028232265
    8.138138138    0.997244673    0.996658356    1.028625464
    8.153153153    0.997518873    0.996933921    1.029032582
    8.168168168    0.997815508    0.997229630    1.029454472
    8.183183183    0.998138039    0.997548919    1.029892067
    8.198198198    0.998488132    0.997893547    1.030346378
    8.213213213    0.998861924    0.998260116    1.030818512
    8.228228228    0.999240929    0.998631601    1.031309680
    8.243243243    0.999570914    0.998957652    1.031821209
    8.258258258    0.999718588    0.999114131    1.032354559
    8.273273273    0.999413739    0.998848714    1.032911340
    8.288288288    0.998302704    0.997829257    1.033493333
    8.303303303    0.996400367    0.996064815    1.034102514
    8.318318318    0.994518130    0.994312587    1.034741081
    8.333333333    0.993447853    0.993320196    1.035411489
    8.348348348    0.993179952    0.993082981    1.036116489
    8.363363363    0.993349857    0.993257116    1.036859176
    8.378378378    0.993669411    0.993566004    1.037643046
    8.393393393    0.993961426    0.993831976    1.038472065
    8.408408408    0.994102617    0.993923851    1.039350750
    8.423423423    0.994049774    0.993798045    1.040284272
    8.438438438    0.993927447    0.993602264    1.041278581
    8.453453453    0.993915093    0.993541322    1.042340551
    8.468468468    0.994047153    0.993650831    1.043478167
    8.483483483    0.994261455    0.993857776    1.044700742
    8.498498498    0.994502380    0.994098008    1.046019181
    8.513513514    0.994741981    0.994339273    1.047446269
    8.528528529    0.994969621    0.994569097    1.048996978
    8.543543544    0.995182548    0.994784024    1.050688694
    8.558558559    0.995381128    0.994984192    1.052541172
    8.573573574    0.995566787    0.995170985    1.054575725
    8.588588589    0.995741185    0.995346092    1.056812442
    8.603603604    0.995905905    0.995511145    1.059262572
    8.618618619    0.996062355    0.995667603    1.061909223
    8.633633634    0.996211752    0.995816729    1.064660908
    8.648648649    0.996355138    0.995959600    1.067248625
    8.663663664    0.996493402    0.996097139    1.069045981
    8.678678679    0.996627305    0.996230132    1.068984752
    8.693693694    0.996757502    0.996359254    1.066349672
    8.708708709    0.996884561    0.996485090    1.062696022
    8.723723724    0.997008979    0.996608150    1.061191246
    8.738738739    0.997131192    0.996728881    1.063041465
    8.753753754    0.997251589    0.996847681    1.067419240
    8.768768769    0.997370518    0.996964905    1.073342150
    8.783783784    0.997488295    0.997080874    1.080259703
    8.798798799    0.997605209    0.997195882    1.087854909
    8.813813814    0.997721525    0.997310199    1.095695337
    8.828828829    0.997837494    0.997424077    1.102723228
    8.843843844    0.997953349    0.997537752    1.106319731
    8.858858859    0.998069314    0.997651449    1.100856153
    8.873873874    0.998185603    0.997765386    1.077639527
    8.888888889    0.998302424    0.997879770    1.032939140
    8.903903904    0.998419982    0.997994809    0.981874884
    8.918918919    0.998538480    0.998110704    0.947112049
    8.933933934    0.998658118    0.998227658    0.933555371
    8.948948949    0.998779102    0.998345876    0.933248184
    8.963963964    0.998901637    0.998465563    0.938699425
    8.978978979    0.999025936    0.998586933    0.945941434
    8.993993994    0.999152216    0.998710203    0.953291179
    9.009009009    0.999280705    0.998835600    0.960139207
    9.024024024    0.999411638    0.998963361    0.966324144
    9.039039039    0.999545264    0.999093735    0.971857836
    9.054054054    0.999681846    0.999226984    0.976811363
    9.069069069    0.999821663    0.999363388    0.981269472
    9.084084084    0.999965013    0.999503245    0.985313460
    9.099099099    1.000112213    0.999646874    0.989015720
    9.114114114    1.000263609    0.999794621    0.992438930
    9.129129129    1.000419569    0.999946857    0.995636942
    9.144144144    1.000580498    1.000103987    0.998656107
    9.159159159    1.000746834    1.000266453    1.001536425
    9.174174174    1.000919056    1.000434735    1.004312049
    9.189189189    1.001097689    1.000609364    1.007010360
    9.204204204    1.001283312    1.000790923    1.009647893
    9.219219219    1.001476566    1.000980058    1.012219138
    9.234234234    1.001678158    1.001177484    1.014670497
    9.249249249    1.001888878    1.001384000    1.016852277
    9.264264264    1.002109606    1.001600497    1.018485676
    9.279279279    1.002341329    1.001827975    1.019343214
    9.294294294    1.002585159    1.002067562    1.019777777
    9.309309309    1.002842351    1.002320532    1.020672751
    9.324324324    1.003114328    1.002588331    1.022439433
    9.339339339    1.003402709    1.002872610    1.024855562
    9.354354354    1.003709349    1.003175258    1.027579642
    9.369369369    1.004036377    1.003498446    1.030323893
    9.384384384    1.004386249    1.003844688    1.032788306
    9.399399399    1.004761818    1.004216898    1.034710005
    9.414414414    1.005166405    1.004618481    1.036267904
    9.429429429    1.005603904    1.005053430    1.038231015
    9.444444444    1.006078899    1.005526453    1.041132928
    9.459459459    1.006596818    1.006043132    1.044903675
    9.474474474    1.007164121    1.006610116    1.049321536
    9.489489489    1.007788528    1.007235362    1.054275157
    9.504504505    1.008479309    1.007928432    1.059763904
    9.519519520    1.009247617    1.008700834    1.065853069
    9.534534535    1.010106874    1.009566419    1.072644825
    9.549549550    1.011073167    1.010541760    1.080259796
    9.564564565    1.012165519    1.011646392    1.088813829
    9.579579580    1.013405769    1.012902554    1.098367343
    9.594594595    1.014817315    1.014333598    1.108801558
    9.609609610    1.016420997    1.015959041    1.119518499
    9.624624625    1.018224003    1.017781447    1.128744650
    9.639639640    1.020191903    1.019753622    1.132099829
    9.654654655    1.022180799    1.021699532    1.120671128
    9.669669670    1.023780593    1.023134175    1.082709806
    9.684684685    1.023997205    1.022913729    1.018474451
    9.699699700    1.020848023    1.018871723    0.954531931
    9.714714715    1.011841243    1.008680359    0.916826450
    9.729729730    0.997351724    0.993699615    0.904136456
    9.744744745    0.983363606    0.980487263    0.902293165
    9.759759760    0.975259078    0.973490277    0.899232170
    9.774774775    0.972735564    0.971658230    0.890487762
    9.789789790    0.973249901    0.972460103    0.881350204
    9.804804805    0.974966178    0.974248727    0.878528082
    9.819819820    0.976995550    0.976257796    0.882061557
    9.834834835    0.978978883    0.978185605    0.888814909
    9.849849850    0.980793997    0.979933857    0.896444273
    9.864864865    0.982415183    0.981485982    0.903848144
    9.879879880    0.983852953    0.982855505    0.910631424
    9.894894895    0.985129344    0.984064989    0.916709273
    9.909909910    0.986268176    0.985137818    0.922115791
    9.924924925    0.987291506    0.986095267    0.926922993
    9.939939940    0.988218607    0.986955724    0.931208742
    9.954954955    0.989065945    0.987734749    0.935045096
    9.969969970    0.989847500    0.988445416    0.938494919
    9.984984985    0.990575184    0.989098720    0.941611695
   10.000000000    0.991259250    0.989703960    0.944440469
   10.015015015    0.991908656    0.990269075    0.947019076
   10.030030030    0.992531384    0.990800927    0.949379325
   10.045045045    0.993134716    0.991305544    0.951548047
   10.060060060    0.993725484    0.991788317    0.953547963
   10.075075075    0.994310292    0.992254175    0.955398409
   10.090090090    0.994895738    0.992707740    0.957115916
   10.105105105    0.995488619    0.993153462    0.958714691
   10.120120120    0.996096148    0.993595753    0.960207000
   10.135135135    0.996726158    0.994039107    0.961603482
   10.150150150    0.997387268    0.994488210    0.962913409
   10.165165165    0.998088936    0.994948012    0.964144895
   10.180180180    0.998841185    0.995423705    0.965305070
   10.195195195    0.999653517    0.995920470    0.966400224
   10.210210210    1.000531808    0.996442625    0.967435927
   10.225225225    1.001470361    0.996991352    0.968417126
   10.240240240    1.002432439    0.997559009    0.969348236
   10.255255255    1.003305064    0.998115805    0.970233201
   10.270270270    1.003806796    0.998582485    0.971075563
   10.285285285    1.003367655    0.998794526    0.971878507
   10.300300300    1.001255876    0.998538991    0.972644907
   10.315315315    0.997545009    0.997840566    0.973377363
   10.330330330    0.993964365    0.997214636    0.974078233
   10.345345345    0.992140606    0.997141267    0.974749660
   10.360360360    0.992005682    0.997575369    0.975393598
   10.375375375    0.992724620    0.998191378    0.976011828
   10.390390390    0.993521101    0.998568478    0.976605983
   10.405405405    0.993645663    0.998097749    0.977177558
   10.420420420    0.992253099    0.996015400    0.977727928
   10.435435435    0.989002266    0.992225251    0.978258356
   10.450450450    0.985179168    0.988274379    0.978770010
   10.465465465    0.982690529    0.985882586    0.979263966
   10.480480480    0.981935355    0.985157516    0.979741220
   10.495495495    0.982243963    0.985384733    0.980202694
   10.510510511    0.982993979    0.985996724    0.980649246
   10.525525526    0.983859181    0.986709817    0.981081670
   10.540540541    0.984703666    0.987407808    0.981500708
   10.555555556    0.985480380    0.988050701    0.981907050
   10.570570571    0.986178975    0.988629733    0.982301339
   10.585585586    0.986802983    0.989147927    0.982684178
   10.600600601    0.987360398    0.989612095    0.983056128
   10.615615616    0.987859959    0.990029677    0.983417718
   10.630630631    0.988309776    0.990407581    0.983769442
   10.645645646    0.988716928    0.990751842    0.984111763
   10.660660661    0.989087431    0.991067601    0.984445118
   10.675675676    0.989426342    0.991359196    0.984769917
   10.690690691    0.989737902    0.991630290    0.985086547
   10.705705706    0.990025671    0.991883990    0.985395372
   10.720720721    0.990292650    0.992122952    0.985696735
   10.735735736    0.990541380    0.992349475    0.985990962
   10.750750751    0.990774027    0.992565577    0.986278360
   10.765765766    0.990992450    0.992773058    0.986559218
   10.780780781    0.991198257    0.992973556    0.986833813
   10.795795796    0.991392847    0.993168593    0.987102406
   10.810810811    0.991577453    0.993359623    0.987365243
   10.825825826    0.991753169    0.993548068    0.987622561
   10.840840841    0.991920976    0.993735361    0.987874583
   10.855855856    0.992081769    0.993922986    0.988121522
   10.870870871    0.992236375    0.994112528    0.988363579
   10.885885886    0.992385568    0.994305715    0.988600948
   10.900900901    0.992530095    0.994504478    0.988833814
   10.915915916    0.992670684    0.994711011    0.989062350
   10.930930931    0.992808060    0.994927819    0.989286726
   10.945945946    0.992942960    0.995157760    0.989507102
   10.960960961    0.993076127    0.995404004    0.989723630
   10.975975976    0.993208291    0.995669818    0.989936459
   10.990990991    0.993340070    0.995957880    0.990145727
   11.006006006    0.993471736    0.996268480    0.990351570
   11.021021021    0.993602590    0.996595019    0.990554118
   11.036036036    0.993729489    0.996913179    0.990753494
   11.051051051    0.993843478    0.997156410    0.990949818
   11.066066066    0.993923383    0.997169167    0.991143204
   11.081081081    0.993929770    0.996662870    0.991333764
   11.096096096    0.993823112    0.995348311    0.991521602
   11.111111111    0.993634582    0.993451792    0.991706822
   11.126126126    0.993483298    0.991840733    0.991889523
   11.141141141    0.993441611    0.991041294    0.992069799
   11.156156156    0.993486761    0.990885536    0.992247743
   11.171171171    0.993574324    0.991046574    0.992423445
   11.186186186    0.993676363    0.991317910    0.992596989
   11.201201201    0.993780086    0.991607756    0.992768459
   11.216216216    0.993880532    0.991886379    0.992937937
   11.231231231    0.993976186    0.992146062    0.993105500
   11.246246246    0.994066952    0.992383919    0.993271225
   11.261261261    0.994153220    0.992599560    0.993435185
   11.276276276    0.994235454    0.992794358    0.993597452
   11.291291291    0.994314096    0.992970505    0.993758096
   11.306306306    0.994389558    0.993130368    0.993917185
   11.321321321    0.994462203    0.993276174    0.994074785
   11.336336336    0.994532350    0.993409893    0.994230961
   11.351351351    0.994600273    0.993533198    0.994385775
   11.366366366    0.994666207    0.993647485    0.994539291
   11.381381381    0.994730354    0.993753916    0.994691567
   11.396396396    0.994792889    0.993853464    0.994842663
   11.411411411    0.994853964    0.993946953    0.994992637
   11.426426426    0.994913715    0.994035080    0.995141545
   11.441441441    0.994972259    0.994118434    0.995289443
   11.456456456    0.995029704    0.994197522    0.995436387
   11.471471471    0.995086146    0.994272777    0.995582430
   11.486486486    0.995141671    0.994344574    0.995727625
   11.501501502    0.995196360    0.994413237    0.995872024
   11.516516517    0.995250288    0.994479050    0.996015679
   11.531531532    0.995303523    0.994542258    0.996158642
   11.546546547    0.995356130    0.994603082    0.996300962
   11.561561562    0.995408171    0.994661712    0.996442690
   11.576576577    0.995459705    0.994718321    0.996583875
   11.591591592    0.995510788    0.994773060    0.996724567
   11.606606607    0.995561474    0.994826066    0.996864813
   11.621621622    0.995611818    0.994877459    0.997004664
   11.636636637    0.995661872    0.994927352    0.997144168
   11.651651652    0.995711687    0.994975843    0.997283374
   11.666666667    0.995761316    0.995023022    0.997422330
   11.681681682    0.995810810    0.995068971    0.997561084
   11.696696697    0.995860221    0.995113765    0.997699685
   11.711711712    0.995909604    0.995157474    0.997838180
   11.726726727    0.995959012    0.995200158    0.997976619
   11.741741742    0.996008502    0.995241877    0.998115051
   11.756756757    0.996058131    0.995282684    0.998253524
   11.771771772    0.996107960    0.995322627    0.998392089
   11.786786787    0.996158052    0.995361753    0.998530795
   11.801801802    0.996208474    0.995400104    0.998669692
   11.816816817    0.996259297    0.995437720    0.998808833
   11.831831832    0.996310593    0.995474637    0.998948267
   11.846846847    0.996362445    0.995510891    0.999088049
   11.861861862    0.996414937    0.995546513    0.999228230
   11.876876877    0.996468162    0.995581535    0.999368865
   11.891891892    0.996522219    0.995615984    0.999510009
   11.906906907    0.996577219    0.995649888    0.999651717
   11.921921922    0.996633280    0.995683273    0.999794047
   11.936936937    0.996690532    0.995716163    0.999937057
   11.951951952    0.996749119    0.995748582    1.000080806
   11.966966967    0.996809201    0.995780551    1.000225355
   11.981981982    0.996870954    0.995812091    1.000370767
   11.996996997    0.996934577    0.995843223    1.000517105
   12.012012012    0.997000291    0.995873967    1.000664435
   12.027027027    0.997068344    0.995904341    1.000812824
   12.042042042    0.997139020    0.995934363    1.000962343
   12.057057057    0.997212639    0.995964050    1.001113061
   12.072072072    0.997289566    0.995993421    1.001265054
   12.087087087    0.997370222    0.996022491    1.001418397
   12.102102102    0.997455090    0.996051277    1.001573170
   12.117117117    0.997544732    0.996079794    1.001729453
   12.132132132    0.997639801    0.996108060    1.001887331
   12.147147147    0.997741062    0.996136088    1.002046893
   12.162162162    0.997849417    0.996163896    1.002208228
   12.177177177    0.997965931    0.996191497    1.002371433
   12.192192192    0.998091875    0.996218909    1.002536606
   12.207207207    0.998228766    0.996246146    1.002703851
   12.222222222    0.998378425    0.996273225    1.002873274
   12.237237237    0.998543045    0.996300161    1.003044991
   12.252252252    0.998725261    0.996326972    1.003219118
   12.267267267    0.998928227    0.996353675    1.003395781
   12.282282282    0.999155663    0.996380288    1.003575111
   12.297297297    0.999411809    0.996406828    1.003757246
   12.312312312    0.999701133    0.996433316    1.003942330
   12.327327327    1.000027419    0.996459771    1.004130512
   12.342342342    1.000391337    0.996486212    1.004321942
   12.357357357    1.000784352    0.996512651    1.004516756
   12.372372372    1.001174041    0.996539091    1.004715045
   12.387387387    1.001470538    0.996565501    1.004916783
   12.402402402    1.001460825    0.996591786    1.005121685
   12.417417417    1.000737429    0.996617740    1.005329047
   12.432432432    0.998848673    0.996643136    1.005538080
   12.447447447    0.996019265    0.996668125    1.005749487
   12.462462462    0.993485352    0.996693427    1.005966197
   12.477477477    0.992129536    0.996719567    1.006190377
   12.492492492    0.991774405    0.996746477    1.006421888
   12.507507508    0.991935316    0.996773925    1.006659933
   12.522522523    0.992291550    0.996801770    1.006904088
   12.537537538    0.992692921    0.996829973    1.007154321
   12.552552553    0.993080047    0.996858550    1.007410818
   12.567567568    0.993433441    0.996887542    1.007673872
   12.582582583    0.993749691    0.996917007    1.007943832
   12.597597598    0.994031322    0.996947016    1.008221084
   12.612612613    0.994282671    0.996977644    1.008506045
   12.627627628    0.994508267    0.997008980    1.008799158
   12.642642643    0.994712254    0.997041122    1.009100897
   12.657657658    0.994898236    0.997074183    1.009411769
   12.672672673    0.995069288    0.997108291    1.009732313
   12.687687688    0.995228023    0.997143591    1.010063110
   12.702702703    0.995376672    0.997180253    1.010404781
   12.717717718    0.995517159    0.997218474    1.010757996
   12.732732733    0.995651173    0.997258484    1.011123474
   12.747747748    0.995780226    0.997300552    1.011501994
   12.762762763    0.995905707    0.997344997    1.011894396
   12.777777778    0.996028928    0.997392199    1.012301593
   12.792792793    0.996151168    0.997442611    1.012724572
   12.807807808    0.996273715    0.997496776    1.013164410
   12.822822823    0.996397908    0.997555347    1.013622276
   12.837837838    0.996525180    0.997619112    1.014099449
   12.852852853    0.996657096    0.997689010    1.014597327
   12.867867868    0.996795385    0.997766154    1.015117441
   12.882882883    0.996941947    0.997851820    1.015661473
   12.897897898    0.997098776    0.997947366    1.016231275
   12.912912913    0.997267706    0.998053990    1.016828888
   12.927927928    0.997449684    0.998172058    1.017456570
   12.942942943    0.997642941    0.998299424    1.018116826
   12.957957958    0.997838517    0.998427360    1.018812440
   12.972972973    0.998009943    0.998531178    1.019546512
   12.987987988    0.998092470    0.998551370    1.020322511
   13.003003003    0.997957558    0.998370467    1.021144325
   13.018018018    0.997448284    0.997845193    1.022016323
   13.033033033    0.996602433    0.997008977    1.022943436
   13.048048048    0.995812828    0.996217743    1.023931236
   13.063063063    0.995411183    0.995773227    1.024986033
   13.078078078    0.995362439    0.995647760    1.026114972
   13.093093093    0.995489788    0.995693279    1.027326106
   13.108108108    0.995644151    0.995805277    1.028628425
   13.123123123    0.995699291    0.995933224    1.030031835
   13.138138138    0.995532650    0.996056311    1.031547567
   13.153153153    0.995119445    0.996167623    1.033190209
   13.168168168    0.994664631    0.996267214    1.034980256
   13.183183183    0.994409396    0.996357391    1.036941803
   13.198198198    0.994376141    0.996439568    1.039099420
   13.213213213    0.994468881    0.996514421    1.041480496
   13.228228228    0.994609592    0.996582641    1.044118330
   13.243243243    0.994759338    0.996645023    1.047053710
   13.258258258    0.994902501    0.996702361    1.050336209
   13.273273273    0.995034059    0.996755371    1.054025762
   13.288288288    0.995153284    0.996804676    1.058194438
   13.303303303    0.995261019    0.996850800    1.062927943
   13.318318318    0.995358573    0.996894190    1.068325742
   13.333333333    0.995447281    0.996935221    1.074497060
   13.348348348    0.995528357    0.996974211    1.081546338
   13.363363363    0.995602851    0.997011428    1.089532638
   13.378378378    0.995671653    0.997047106    1.098366089
   13.393393393    0.995735514    0.997081442    1.107554208
   13.408408408    0.995795063    0.997114609    1.115605779
   13.423423423    0.995850829    0.997146757    1.118760261
   13.438438438    0.995903262    0.997178020    1.109014927
   13.453453453    0.995952741    0.997208513    1.074376922
   13.468468468    0.995999591    0.997238341    1.010740641
   13.483483483    0.996044091    0.997267600    0.940305709
   13.498498498    0.996086481    0.997296373    0.893423185
   13.513513514    0.996126969    0.997324739    0.875244531
   13.528528529    0.996165738    0.997352771    0.874527842
   13.543543544    0.996202946    0.997380535    0.881272921
   13.558558559    0.996238736    0.997408095    0.890274998
   13.573573574    0.996273230    0.997435510    0.899343099
   13.588588589    0.996306541    0.997462840    0.907688486
   13.603603604    0.996338767    0.997490140    0.915104977
   13.618618619    0.996369998    0.997517465    0.921610487
   13.633633634    0.996400313    0.997544870    0.927298613
   13.648648649    0.996429788    0.997572408    0.932279368
   13.663663664    0.996458487    0.997600137    0.936656939
   13.678678679    0.996486473    0.997628111    0.940522618
   13.693693694    0.996513803    0.997656390    0.943953760
   13.708708709    0.996540528    0.997685034    0.947014959
   13.723723724    0.996566699    0.997714106    0.949759867
   13.738738739    0.996592361    0.997743673    0.952233026
   13.753753754    0.996617559    0.997773808    0.954471499
   13.768768769    0.996642333    0.997804587    0.956506238
   13.783783784    0.996666725    0.997836094    0.958363215
   13.798798799    0.996690774    0.997868418    0.960064324
   13.813813814    0.996714518    0.997901659    0.961628120
   13.828828829    0.996737995    0.997935925    0.963070406
   13.843843844    0.996761244    0.997971338    0.964404710
   13.858858859    0.996784303    0.998008030    0.965642666
   13.873873874    0.996807213    0.998046153    0.966794329
   13.888888889    0.996830014    0.998085874    0.967868426
   13.903903904    0.996852750    0.998127383    0.968872564
   13.918918919    0.996875468    0.998170898    0.969813402
   13.933933934    0.996898217    0.998216664    0.970696793
   13.948948949    0.996921051    0.998264965    0.971527897
   13.963963964    0.996944030    0.998316126    0.972311281
   13.978978979    0.996967221    0.998370527    0.973051002
   13.993993994    0.996990700    0.998428609    0.973750674
   14.009009009    0.997014551    0.998490887    0.974413527
   14.024024024    0.997038875    0.998557970    0.975042456
   14.039039039    0.997063785    0.998630581    0.975640060
   14.054054054    0.997089416    0.998709577    0.976208686
   14.069069069    0.997115927    0.998795987    0.976750449
   14.084084084    0.997143506    0.998891044    0.977267269
   14.099099099    0.997172378    0.998996233    0.977760886
   14.114114114    0.997202811    0.999113341    0.978232883
   14.129129129    0.997235127    0.999244504    0.978684705
   14.144144144    0.997269700    0.999392241    0.979117668
   14.159159159    0.997306958    0.999559409    0.979532982
   14.174174174    0.997347349    0.999748999    0.979931751
   14.189189189    0.997391255    0.999963473    0.980314994
   14.204204204    0.997438741    1.000203030    0.980683646
   14.219219219    0.997488952    1.000461272    0.981038568
   14.234234234    0.997538638    1.000714763    0.981380559
   14.249249249    0.997578800    1.000899333    0.981710352
   14.264264264    0.997588129    1.000864475    0.982028632
   14.279279279    0.997525960    1.000328251    0.982336029
   14.294294294    0.997347567    0.998998421    0.982633132
   14.309309309    0.997076178    0.997075372    0.982920486
   14.324324324    0.996835116    0.995409696    0.983198600
   14.339339339    0.996711282    0.994545621    0.983467948
   14.354354354    0.996686439    0.994332038    0.983728973
   14.369369369    0.996712437    0.994446118    0.983982088
   14.384384384    0.996757553    0.994681536    0.984227680
   14.399399399    0.996806959    0.994943000    0.984466112
   14.414414414    0.996854799    0.995193185    0.984697724
   14.429429429    0.996899156    0.995420044    0.984922835
   14.444444444    0.996939697    0.995621660    0.985141745
   14.459459459    0.996976677    0.995799829    0.985354735
   14.474474474    0.997010527    0.995957449    0.985562072
   14.489489489    0.997041697    0.996097499    0.985764005
   14.504504505    0.997070595    0.996222682    0.985960772
   14.519519520    0.997097578    0.996335327    0.986152593
   14.534534535    0.997122949    0.996437400    0.986339681
   14.549549550    0.997146962    0.996530547    0.986522234
   14.564564565    0.997169835    0.996616147    0.986700441
   14.579579580    0.997191753    0.996695361    0.986874480
   14.594594595    0.997212875    0.996769170    0.987044521
   14.609609610    0.997233343    0.996838415    0.987210724
   14.624624625    0.997253282    0.996903824    0.987373242
   14.639639640    0.997272810    0.996966036    0.987532221
   14.654654655    0.997292036    0.997025624    0.987687797
   14.669669670    0.997311065    0.997083108    0.987840102
   14.684684685    0.997330006    0.997138974    0.987989261
   14.699699700    0.997348967    0.997193686    0.988135393
   14.714714715    0.997368065    0.997247699    0.988278612
   14.729729730    0.997387426    0.997301471    0.988419026
   14.744744745    0.997407184    0.997355472    0.988556739
   14.759759760    0.997427481    0.997410189    0.988691849
   14.774774775    0.997448453    0.997466123    0.988824452
   14.789789790    0.997470190    0.997523753    0.988954638
   14.804804805    0.997492635    0.997583436    0.989082494
   14.819819820    0.997515344    0.997645142    0.989208103
   14.834834835    0.997536914    0.997707829    0.989331544
   14.849849850    0.997553857    0.997768171    0.989452895
   14.864864865    0.997559264    0.997819056    0.989572229
   14.879879880    0.997544954    0.997852015    0.989689616
   14.894894895    0.997513723    0.997870971    0.989805125
   14.909909910    0.997487014    0.997900478    0.989918820
   14.924924925    0.997481784    0.997958774    0.990030764
   14.939939940    0.997495187    0.998038763    0.990141019
   14.954954955    0.997516525    0.998117214    0.990249643
   14.969969970    0.997534830    0.998154316    0.990356692
   14.984984985    0.997536927    0.998079145    0.990462220
   15.000000000    0.997507177    0.997798850    0.990566281
