# energy grid [eV]     ieps_x  ieps_y  ieps_z
#
    0.000000000    1.011839295    1.011746390    1.007692506
    0.015015015    1.011838767    1.011745863    1.007692403
    0.030030030    1.011837854    1.011744952    1.007692225
    0.045045045    1.011836749    1.011743849    1.007692010
    0.060060060    1.011835455    1.011742557    1.007691758
    0.075075075    1.011833972    1.011741077    1.007691470
    0.090090090    1.011832300    1.011739408    1.007691145
    0.105105105    1.011830439    1.011737551    1.007690784
    0.120120120    1.011828390    1.011735505    1.007690387
    0.135135135    1.011826152    1.011733272    1.007689953
    0.150150150    1.011823726    1.011730851    1.007689482
    0.165165165    1.011821113    1.011728242    1.007688975
    0.180180180    1.011818311    1.011725446    1.007688432
    0.195195195    1.011815322    1.011722462    1.007687853
    0.210210210    1.011812147    1.011719293    1.007687237
    0.225225225    1.011808784    1.011715936    1.007686584
    0.240240240    1.011805235    1.011712394    1.007685895
    0.255255255    1.011801500    1.011708666    1.007685170
    0.270270270    1.011797579    1.011704753    1.007684409
    0.285285285    1.011793474    1.011700655    1.007683611
    0.300300300    1.011789183    1.011696372    1.007682778
    0.315315315    1.011784708    1.011691905    1.007681908
    0.330330330    1.011780048    1.011687255    1.007681001
    0.345345345    1.011775206    1.011682421    1.007680059
    0.360360360    1.011770180    1.011677405    1.007679081
    0.375375375    1.011764971    1.011672207    1.007678066
    0.390390390    1.011759581    1.011666827    1.007677015
    0.405405405    1.011754009    1.011661265    1.007675929
    0.420420420    1.011748256    1.011655524    1.007674806
    0.435435435    1.011742323    1.011649602    1.007673647
    0.450450450    1.011736210    1.011643500    1.007672453
    0.465465465    1.011729918    1.011637220    1.007671222
    0.480480480    1.011723448    1.011630762    1.007669956
    0.495495495    1.011716799    1.011624126    1.007668654
    0.510510511    1.011709973    1.011617313    1.007667316
    0.525525526    1.011702970    1.011610324    1.007665943
    0.540540541    1.011695792    1.011603159    1.007664533
    0.555555556    1.011688438    1.011595820    1.007663088
    0.570570571    1.011680910    1.011588306    1.007661608
    0.585585586    1.011673208    1.011580619    1.007660092
    0.600600601    1.011665333    1.011572759    1.007658540
    0.615615616    1.011657286    1.011564727    1.007656953
    0.630630631    1.011649067    1.011556524    1.007655331
    0.645645646    1.011640678    1.011548151    1.007653673
    0.660660661    1.011632118    1.011539608    1.007651980
    0.675675676    1.011623390    1.011530896    1.007650252
    0.690690691    1.011614493    1.011522017    1.007648489
    0.705705706    1.011605429    1.011512970    1.007646690
    0.720720721    1.011596198    1.011503758    1.007644856
    0.735735736    1.011586801    1.011494379    1.007642988
    0.750750751    1.011577240    1.011484837    1.007641084
    0.765765766    1.011567515    1.011475131    1.007639145
    0.780780781    1.011557627    1.011465262    1.007637172
    0.795795796    1.011547577    1.011455231    1.007635164
    0.810810811    1.011537366    1.011445040    1.007633121
    0.825825826    1.011526994    1.011434689    1.007631043
    0.840840841    1.011516464    1.011424179    1.007628931
    0.855855856    1.011505775    1.011413512    1.007626785
    0.870870871    1.011494929    1.011402687    1.007624604
    0.885885886    1.011483927    1.011391706    1.007622388
    0.900900901    1.011472769    1.011380571    1.007620138
    0.915915916    1.011461457    1.011369282    1.007617854
    0.930930931    1.011449993    1.011357840    1.007615536
    0.945945946    1.011438376    1.011346246    1.007613183
    0.960960961    1.011426608    1.011334501    1.007610797
    0.975975976    1.011414689    1.011322607    1.007608377
    0.990990991    1.011402622    1.011310564    1.007605922
    1.006006006    1.011390408    1.011298373    1.007603434
    1.021021021    1.011378046    1.011286036    1.007600912
    1.036036036    1.011365539    1.011273554    1.007598357
    1.051051051    1.011352887    1.011260927    1.007595768
    1.066066066    1.011340091    1.011248158    1.007593145
    1.081081081    1.011327154    1.011235246    1.007590489
    1.096096096    1.011314075    1.011222194    1.007587800
    1.111111111    1.011300856    1.011209002    1.007585077
    1.126126126    1.011287498    1.011195671    1.007582321
    1.141141141    1.011274002    1.011182203    1.007579532
    1.156156156    1.011260370    1.011168598    1.007576710
    1.171171171    1.011246603    1.011154859    1.007573855
    1.186186186    1.011232701    1.011140986    1.007570967
    1.201201201    1.011218666    1.011126980    1.007568047
    1.216216216    1.011204500    1.011112842    1.007565093
    1.231231231    1.011190202    1.011098574    1.007562108
    1.246246246    1.011175776    1.011084177    1.007559089
    1.261261261    1.011161221    1.011069652    1.007556038
    1.276276276    1.011146539    1.011055001    1.007552955
    1.291291291    1.011131731    1.011040223    1.007549840
    1.306306306    1.011116799    1.011025322    1.007546693
    1.321321321    1.011101743    1.011010298    1.007543513
    1.336336336    1.011086565    1.010995152    1.007540302
    1.351351351    1.011071266    1.010979885    1.007537059
    1.366366366    1.011055848    1.010964499    1.007533784
    1.381381381    1.011040311    1.010948995    1.007530477
    1.396396396    1.011024658    1.010933374    1.007527139
    1.411411411    1.011008888    1.010917637    1.007523769
    1.426426426    1.010993003    1.010901786    1.007520368
    1.441441441    1.010977006    1.010885822    1.007516935
    1.456456456    1.010960896    1.010869747    1.007513472
    1.471471471    1.010944675    1.010853561    1.007509977
    1.486486486    1.010928345    1.010837265    1.007506452
    1.501501502    1.010911906    1.010820862    1.007502895
    1.516516517    1.010895361    1.010804351    1.007499308
    1.531531532    1.010878709    1.010787736    1.007495690
    1.546546547    1.010861953    1.010771016    1.007492042
    1.561561562    1.010845094    1.010754193    1.007488363
    1.576576577    1.010828133    1.010737269    1.007484654
    1.591591592    1.010811071    1.010720244    1.007480914
    1.606606607    1.010793910    1.010703120    1.007477145
    1.621621622    1.010776651    1.010685898    1.007473345
    1.636636637    1.010759295    1.010668580    1.007469515
    1.651651652    1.010741843    1.010651167    1.007465656
    1.666666667    1.010724297    1.010633659    1.007461767
    1.681681682    1.010706658    1.010616059    1.007457849
    1.696696697    1.010688927    1.010598368    1.007453900
    1.711711712    1.010671106    1.010580586    1.007449923
    1.726726727    1.010653196    1.010562715    1.007445916
    1.741741742    1.010635198    1.010544757    1.007441880
    1.756756757    1.010617113    1.010526712    1.007437815
    1.771771772    1.010598942    1.010508582    1.007433722
    1.786786787    1.010580688    1.010490369    1.007429599
    1.801801802    1.010562351    1.010472073    1.007425448
    1.816816817    1.010543932    1.010453696    1.007421268
    1.831831832    1.010525433    1.010435238    1.007417060
    1.846846847    1.010506854    1.010416702    1.007412823
    1.861861862    1.010488198    1.010398089    1.007408558
    1.876876877    1.010469466    1.010379399    1.007404265
    1.891891892    1.010450658    1.010360634    1.007399944
    1.906906907    1.010431776    1.010341795    1.007395595
    1.921921922    1.010412822    1.010322884    1.007391219
    1.936936937    1.010393795    1.010303902    1.007386814
    1.951951952    1.010374699    1.010284849    1.007382383
    1.966966967    1.010355533    1.010265728    1.007377923
    1.981981982    1.010336300    1.010246539    1.007373437
    1.996996997    1.010317000    1.010227284    1.007368923
    2.012012012    1.010297634    1.010207964    1.007364383
    2.027027027    1.010278204    1.010188580    1.007359815
    2.042042042    1.010258712    1.010169133    1.007355221
    2.057057057    1.010239157    1.010149625    1.007350600
    2.072072072    1.010219542    1.010130056    1.007345953
    2.087087087    1.010199868    1.010110428    1.007341279
    2.102102102    1.010180136    1.010090743    1.007336578
    2.117117117    1.010160346    1.010071001    1.007331852
    2.132132132    1.010140501    1.010051203    1.007327100
    2.147147147    1.010120601    1.010031351    1.007322321
    2.162162162    1.010100648    1.010011446    1.007317517
    2.177177177    1.010080642    1.009991488    1.007312687
    2.192192192    1.010060586    1.009971480    1.007307832
    2.207207207    1.010040479    1.009951423    1.007302951
    2.222222222    1.010020324    1.009931317    1.007298045
    2.237237237    1.010000121    1.009911163    1.007293114
    2.252252252    1.009979872    1.009890963    1.007288158
    2.267267267    1.009959577    1.009870718    1.007283177
    2.282282282    1.009939238    1.009850430    1.007278171
    2.297297297    1.009918856    1.009830098    1.007273140
    2.312312312    1.009898432    1.009809724    1.007268085
    2.327327327    1.009877967    1.009789310    1.007263006
    2.342342342    1.009857462    1.009768857    1.007257902
    2.357357357    1.009836918    1.009748365    1.007252774
    2.372372372    1.009816337    1.009727836    1.007247622
    2.387387387    1.009795720    1.009707270    1.007242447
    2.402402402    1.009775067    1.009686669    1.007237247
    2.417417417    1.009754380    1.009666034    1.007232024
    2.432432432    1.009733659    1.009645367    1.007226777
    2.447447447    1.009712906    1.009624667    1.007221507
    2.462462462    1.009692122    1.009603936    1.007216214
    2.477477477    1.009671308    1.009583175    1.007210898
    2.492492492    1.009650464    1.009562386    1.007205559
    2.507507508    1.009629593    1.009541568    1.007200197
    2.522522523    1.009608694    1.009520724    1.007194812
    2.537537538    1.009587770    1.009499854    1.007189405
    2.552552553    1.009566820    1.009478959    1.007183975
    2.567567568    1.009545846    1.009458040    1.007178523
    2.582582583    1.009524849    1.009437099    1.007173049
    2.597597598    1.009503830    1.009416135    1.007167553
    2.612612613    1.009482790    1.009395151    1.007162034
    2.627627628    1.009461730    1.009374147    1.007156495
    2.642642643    1.009440651    1.009353124    1.007150933
    2.657657658    1.009419553    1.009332082    1.007145350
    2.672672673    1.009398438    1.009311024    1.007139746
    2.687687688    1.009377307    1.009289950    1.007134120
    2.702702703    1.009356160    1.009268860    1.007128473
    2.717717718    1.009334999    1.009247757    1.007122805
    2.732732733    1.009313824    1.009226639    1.007117117
    2.747747748    1.009292637    1.009205510    1.007111408
    2.762762763    1.009271437    1.009184369    1.007105678
    2.777777778    1.009250227    1.009163217    1.007099927
    2.792792793    1.009229007    1.009142055    1.007094157
    2.807807808    1.009207777    1.009120885    1.007088366
    2.822822823    1.009186540    1.009099706    1.007082555
    2.837837838    1.009165294    1.009078520    1.007076725
    2.852852853    1.009144043    1.009057328    1.007070874
    2.867867868    1.009122785    1.009036130    1.007065004
    2.882882883    1.009101523    1.009014927    1.007059114
    2.897897898    1.009080256    1.008993721    1.007053205
    2.912912913    1.009058986    1.008972512    1.007047277
    2.927927928    1.009037714    1.008951300    1.007041330
    2.942942943    1.009016440    1.008930087    1.007035364
    2.957957958    1.008995165    1.008908873    1.007029378
    2.972972973    1.008973891    1.008887660    1.007023375
    2.987987988    1.008952616    1.008866447    1.007017352
    3.003003003    1.008931344    1.008845236    1.007011311
    3.018018018    1.008910073    1.008824027    1.007005252
    3.033033033    1.008888806    1.008802822    1.006999175
    3.048048048    1.008867542    1.008781621    1.006993080
    3.063063063    1.008846282    1.008760424    1.006986966
    3.078078078    1.008825028    1.008739232    1.006980836
    3.093093093    1.008803780    1.008718047    1.006974687
    3.108108108    1.008782538    1.008696868    1.006968521
    3.123123123    1.008761304    1.008675697    1.006962337
    3.138138138    1.008740077    1.008654535    1.006956137
    3.153153153    1.008718860    1.008633381    1.006949919
    3.168168168    1.008697652    1.008612237    1.006943684
    3.183183183    1.008676453    1.008591103    1.006937432
    3.198198198    1.008655266    1.008569980    1.006931164
    3.213213213    1.008634090    1.008548868    1.006924879
    3.228228228    1.008612926    1.008527769    1.006918578
    3.243243243    1.008591774    1.008506682    1.006912260
    3.258258258    1.008570636    1.008485610    1.006905926
    3.273273273    1.008549512    1.008464551    1.006899576
    3.288288288    1.008528402    1.008443507    1.006893211
    3.303303303    1.008507308    1.008422478    1.006886829
    3.318318318    1.008486229    1.008401465    1.006880432
    3.333333333    1.008465167    1.008380469    1.006874019
    3.348348348    1.008444122    1.008359490    1.006867591
    3.363363363    1.008423094    1.008338529    1.006861148
    3.378378378    1.008402084    1.008317586    1.006854689
    3.393393393    1.008381093    1.008296662    1.006848216
    3.408408408    1.008360121    1.008275757    1.006841727
    3.423423423    1.008339169    1.008254873    1.006835224
    3.438438438    1.008318237    1.008234008    1.006828707
    3.453453453    1.008297327    1.008213165    1.006822175
    3.468468468    1.008276437    1.008192344    1.006815628
    3.483483483    1.008255570    1.008171544    1.006809067
    3.498498498    1.008234725    1.008150767    1.006802493
    3.513513514    1.008213902    1.008130014    1.006795904
    3.528528529    1.008193104    1.008109283    1.006789301
    3.543543544    1.008172329    1.008088577    1.006782685
    3.558558559    1.008151579    1.008067896    1.006776055
    3.573573574    1.008130853    1.008047240    1.006769412
    3.588588589    1.008110153    1.008026609    1.006762755
    3.603603604    1.008089479    1.008006004    1.006756085
    3.618618619    1.008068831    1.007985426    1.006749402
    3.633633634    1.008048210    1.007964874    1.006742707
    3.648648649    1.008027616    1.007944350    1.006735998
    3.663663664    1.008007049    1.007923854    1.006729277
    3.678678679    1.007986511    1.007903386    1.006722543
    3.693693694    1.007966001    1.007882947    1.006715797
    3.708708709    1.007945521    1.007862537    1.006709038
    3.723723724    1.007925069    1.007842156    1.006702267
    3.738738739    1.007904647    1.007821805    1.006695484
    3.753753754    1.007884255    1.007801484    1.006688690
    3.768768769    1.007863894    1.007781194    1.006681883
    3.783783784    1.007843564    1.007760936    1.006675065
    3.798798799    1.007823265    1.007740708    1.006668235
    3.813813814    1.007802998    1.007720513    1.006661394
    3.828828829    1.007782762    1.007700349    1.006654541
    3.843843844    1.007762559    1.007680218    1.006647678
    3.858858859    1.007742389    1.007660120    1.006640803
    3.873873874    1.007722252    1.007640056    1.006633917
    3.888888889    1.007702149    1.007620025    1.006627020
    3.903903904    1.007682079    1.007600027    1.006620113
    3.918918919    1.007662043    1.007580064    1.006613195
    3.933933934    1.007642042    1.007560136    1.006606267
    3.948948949    1.007622075    1.007540243    1.006599328
    3.963963964    1.007602144    1.007520384    1.006592380
    3.978978979    1.007582248    1.007500562    1.006585421
    3.993993994    1.007562387    1.007480775    1.006578452
    4.009009009    1.007542563    1.007461024    1.006571473
    4.024024024    1.007522774    1.007441310    1.006564484
    4.039039039    1.007503023    1.007421632    1.006557486
    4.054054054    1.007483308    1.007401991    1.006550479
    4.069069069    1.007463630    1.007382388    1.006543462
    4.084084084    1.007443990    1.007362822    1.006536435
    4.099099099    1.007424387    1.007343294    1.006529400
    4.114114114    1.007404822    1.007323803    1.006522355
    4.129129129    1.007385296    1.007304352    1.006515302
    4.144144144    1.007365807    1.007284938    1.006508240
    4.159159159    1.007346358    1.007265564    1.006501169
    4.174174174    1.007326947    1.007246228    1.006494090
    4.189189189    1.007307576    1.007226932    1.006487002
    4.204204204    1.007288243    1.007207675    1.006479906
    4.219219219    1.007268951    1.007188458    1.006472801
    4.234234234    1.007249698    1.007169281    1.006465689
    4.249249249    1.007230485    1.007150144    1.006458568
    4.264264264    1.007211312    1.007131047    1.006451440
    4.279279279    1.007192180    1.007111991    1.006444303
    4.294294294    1.007173088    1.007092975    1.006437160
    4.309309309    1.007154037    1.007074000    1.006430008
    4.324324324    1.007135027    1.007055067    1.006422849
    4.339339339    1.007116058    1.007036175    1.006415683
    4.354354354    1.007097131    1.007017324    1.006408510
    4.369369369    1.007078245    1.006998515    1.006401329
    4.384384384    1.007059401    1.006979748    1.006394142
    4.399399399    1.007040599    1.006961023    1.006386947
    4.414414414    1.007021838    1.006942339    1.006379746
    4.429429429    1.007003120    1.006923699    1.006372539
    4.444444444    1.006984445    1.006905100    1.006365324
    4.459459459    1.006965812    1.006886545    1.006358103
    4.474474474    1.006947221    1.006868032    1.006350876
    4.489489489    1.006928673    1.006849562    1.006343643
    4.504504505    1.006910168    1.006831135    1.006336403
    4.519519520    1.006891707    1.006812751    1.006329158
    4.534534535    1.006873288    1.006794410    1.006321906
    4.549549550    1.006854913    1.006776113    1.006314649
    4.564564565    1.006836581    1.006757860    1.006307386
    4.579579580    1.006818293    1.006739650    1.006300118
    4.594594595    1.006800048    1.006721484    1.006292844
    4.609609610    1.006781848    1.006703362    1.006285564
    4.624624625    1.006763691    1.006685283    1.006278279
    4.639639640    1.006745578    1.006667249    1.006270990
    4.654654655    1.006727509    1.006649259    1.006263695
    4.669669670    1.006709484    1.006631314    1.006256395
    4.684684685    1.006691504    1.006613412    1.006249090
    4.699699700    1.006673568    1.006595556    1.006241780
    4.714714715    1.006655677    1.006577743    1.006234466
    4.729729730    1.006637830    1.006559976    1.006227147
    4.744744745    1.006620028    1.006542253    1.006219823
    4.759759760    1.006602270    1.006524575    1.006212496
    4.774774775    1.006584557    1.006506942    1.006205164
    4.789789790    1.006566889    1.006489353    1.006197827
    4.804804805    1.006549266    1.006471810    1.006190487
    4.819819820    1.006531688    1.006454312    1.006183143
    4.834834835    1.006514155    1.006436859    1.006175795
    4.849849850    1.006496667    1.006419451    1.006168443
    4.864864865    1.006479224    1.006402088    1.006161087
    4.879879880    1.006461827    1.006384771    1.006153728
    4.894894895    1.006444475    1.006367499    1.006146365
    4.909909910    1.006427168    1.006350272    1.006138999
    4.924924925    1.006409906    1.006333091    1.006131629
    4.939939940    1.006392690    1.006315955    1.006124257
    4.954954955    1.006375519    1.006298865    1.006116881
    4.969969970    1.006358393    1.006281820    1.006109502
    4.984984985    1.006341313    1.006264821    1.006102120
    5.000000000    1.006324279    1.006247867    1.006094736
    5.015015015    1.006307290    1.006230959    1.006087348
    5.030030030    1.006290346    1.006214097    1.006079958
    5.045045045    1.006273449    1.006197280    1.006072566
    5.060060060    1.006256597    1.006180509    1.006065170
    5.075075075    1.006239790    1.006163784    1.006057773
    5.090090090    1.006223029    1.006147104    1.006050373
    5.105105105    1.006206314    1.006130470    1.006042971
    5.120120120    1.006189644    1.006113882    1.006035567
    5.135135135    1.006173020    1.006097339    1.006028161
    5.150150150    1.006156442    1.006080843    1.006020753
    5.165165165    1.006139909    1.006064392    1.006013343
    5.180180180    1.006123422    1.006047986    1.006005931
    5.195195195    1.006106981    1.006031627    1.005998518
    5.210210210    1.006090585    1.006015313    1.005991103
    5.225225225    1.006074235    1.005999045    1.005983686
    5.240240240    1.006057931    1.005982822    1.005976268
    5.255255255    1.006041672    1.005966645    1.005968849
    5.270270270    1.006025459    1.005950514    1.005961428
    5.285285285    1.006009291    1.005934429    1.005954006
    5.300300300    1.005993169    1.005918389    1.005946583
    5.315315315    1.005977093    1.005902395    1.005939160
    5.330330330    1.005961062    1.005886446    1.005931735
    5.345345345    1.005945077    1.005870543    1.005924309
    5.360360360    1.005929137    1.005854686    1.005916883
    5.375375375    1.005913242    1.005838874    1.005909456
    5.390390390    1.005897393    1.005823107    1.005902028
    5.405405405    1.005881590    1.005807386    1.005894600
    5.420420420    1.005865832    1.005791711    1.005887171
    5.435435435    1.005850119    1.005776081    1.005879742
    5.450450450    1.005834451    1.005760496    1.005872313
    5.465465465    1.005818829    1.005744956    1.005864883
    5.480480480    1.005803252    1.005729462    1.005857454
    5.495495495    1.005787720    1.005714013    1.005850024
    5.510510511    1.005772234    1.005698609    1.005842594
    5.525525526    1.005756792    1.005683251    1.005835165
    5.540540541    1.005741396    1.005667937    1.005827736
    5.555555556    1.005726044    1.005652668    1.005820307
    5.570570571    1.005710738    1.005637445    1.005812878
    5.585585586    1.005695476    1.005622266    1.005805449
    5.600600601    1.005680259    1.005607133    1.005798022
    5.615615616    1.005665087    1.005592044    1.005790594
    5.630630631    1.005649960    1.005577000    1.005783168
    5.645645646    1.005634878    1.005562001    1.005775742
    5.660660661    1.005619840    1.005547046    1.005768317
    5.675675676    1.005604847    1.005532136    1.005760892
    5.690690691    1.005589898    1.005517271    1.005753469
    5.705705706    1.005574994    1.005502450    1.005746046
    5.720720721    1.005560134    1.005487674    1.005738625
    5.735735736    1.005545319    1.005472942    1.005731205
    5.750750751    1.005530547    1.005458254    1.005723786
    5.765765766    1.005515820    1.005443610    1.005716368
    5.780780781    1.005501138    1.005429011    1.005708952
    5.795795796    1.005486499    1.005414456    1.005701537
    5.810810811    1.005471904    1.005399945    1.005694123
    5.825825826    1.005457353    1.005385478    1.005686711
    5.840840841    1.005442846    1.005371054    1.005679301
    5.855855856    1.005428383    1.005356675    1.005671892
    5.870870871    1.005413964    1.005342339    1.005664485
    5.885885886    1.005399588    1.005328047    1.005657080
    5.900900901    1.005385256    1.005313799    1.005649677
    5.915915916    1.005370967    1.005299594    1.005642276
    5.930930931    1.005356722    1.005285432    1.005634877
    5.945945946    1.005342520    1.005271314    1.005627480
    5.960960961    1.005328361    1.005257239    1.005620085
    5.975975976    1.005314246    1.005243208    1.005612692
    5.990990991    1.005300173    1.005229219    1.005605301
    6.006006006    1.005286144    1.005215274    1.005597913
    6.021021021    1.005272158    1.005201371    1.005590528
    6.036036036    1.005258214    1.005187511    1.005583144
    6.051051051    1.005244313    1.005173695    1.005575763
    6.066066066    1.005230455    1.005159920    1.005568385
    6.081081081    1.005216640    1.005146189    1.005561010
    6.096096096    1.005202867    1.005132500    1.005553637
    6.111111111    1.005189136    1.005118853    1.005546267
    6.126126126    1.005175448    1.005105249    1.005538900
    6.141141141    1.005161802    1.005091687    1.005531535
    6.156156156    1.005148199    1.005078167    1.005524174
    6.171171171    1.005134637    1.005064690    1.005516815
    6.186186186    1.005121117    1.005051254    1.005509460
    6.201201201    1.005107639    1.005037860    1.005502108
    6.216216216    1.005094204    1.005024508    1.005494759
    6.231231231    1.005080809    1.005011198    1.005487413
    6.246246246    1.005067457    1.004997930    1.005480070
    6.261261261    1.005054145    1.004984702    1.005472731
    6.276276276    1.005040876    1.004971517    1.005465395
    6.291291291    1.005027647    1.004958372    1.005458063
    6.306306306    1.005014460    1.004945269    1.005450734
    6.321321321    1.005001314    1.004932207    1.005443409
    6.336336336    1.004988209    1.004919187    1.005436087
    6.351351351    1.004975145    1.004906207    1.005428769
    6.366366366    1.004962122    1.004893268    1.005421455
    6.381381381    1.004949140    1.004880369    1.005414144
    6.396396396    1.004936198    1.004867512    1.005406838
    6.411411411    1.004923297    1.004854695    1.005399535
    6.426426426    1.004910436    1.004841918    1.005392236
    6.441441441    1.004897616    1.004829182    1.005384941
    6.456456456    1.004884836    1.004816486    1.005377650
    6.471471471    1.004872096    1.004803830    1.005370363
    6.486486486    1.004859396    1.004791214    1.005363081
    6.501501502    1.004846736    1.004778638    1.005355802
    6.516516517    1.004834116    1.004766102    1.005348528
    6.531531532    1.004821536    1.004753606    1.005341258
    6.546546547    1.004808995    1.004741149    1.005333993
    6.561561562    1.004796494    1.004728732    1.005326732
    6.576576577    1.004784033    1.004716354    1.005319475
    6.591591592    1.004771610    1.004704016    1.005312223
    6.606606607    1.004759227    1.004691717    1.005304975
    6.621621622    1.004746883    1.004679457    1.005297732
    6.636636637    1.004734579    1.004667236    1.005290493
    6.651651652    1.004722313    1.004655054    1.005283259
    6.666666667    1.004710086    1.004642911    1.005276030
    6.681681682    1.004697897    1.004630806    1.005268806
    6.696696697    1.004685747    1.004618741    1.005261586
    6.711711712    1.004673636    1.004606713    1.005254372
    6.726726727    1.004661563    1.004594724    1.005247162
    6.741741742    1.004649529    1.004582774    1.005239957
    6.756756757    1.004637532    1.004570861    1.005232757
    6.771771772    1.004625574    1.004558987    1.005225562
    6.786786787    1.004613654    1.004547150    1.005218372
    6.801801802    1.004601772    1.004535351    1.005211187
    6.816816817    1.004589927    1.004523591    1.005204008
    6.831831832    1.004578120    1.004511867    1.005196833
    6.846846847    1.004566351    1.004500182    1.005189664
    6.861861862    1.004554619    1.004488533    1.005182500
    6.876876877    1.004542924    1.004476922    1.005175342
    6.891891892    1.004531267    1.004465349    1.005168189
    6.906906907    1.004519647    1.004453812    1.005161041
    6.921921922    1.004508063    1.004442313    1.005153898
    6.936936937    1.004496517    1.004430850    1.005146761
    6.951951952    1.004485008    1.004419424    1.005139630
    6.966966967    1.004473535    1.004408035    1.005132504
    6.981981982    1.004462099    1.004396682    1.005125384
    6.996996997    1.004450699    1.004385366    1.005118269
    7.012012012    1.004439336    1.004374086    1.005111160
    7.027027027    1.004428009    1.004362842    1.005104057
    7.042042042    1.004416718    1.004351635    1.005096960
    7.057057057    1.004405463    1.004340463    1.005089868
    7.072072072    1.004394244    1.004329328    1.005082782
    7.087087087    1.004383061    1.004318228    1.005075702
    7.102102102    1.004371914    1.004307164    1.005068628
    7.117117117    1.004360802    1.004296135    1.005061559
    7.132132132    1.004349726    1.004285143    1.005054497
    7.147147147    1.004338685    1.004274185    1.005047441
    7.162162162    1.004327680    1.004263263    1.005040391
    7.177177177    1.004316710    1.004252375    1.005033346
    7.192192192    1.004305775    1.004241523    1.005026308
    7.207207207    1.004294875    1.004230706    1.005019276
    7.222222222    1.004284009    1.004219924    1.005012251
    7.237237237    1.004273179    1.004209176    1.005005231
    7.252252252    1.004262383    1.004198463    1.004998217
    7.267267267    1.004251621    1.004187785    1.004991210
    7.282282282    1.004240895    1.004177141    1.004984209
    7.297297297    1.004230202    1.004166531    1.004977215
    7.312312312    1.004219544    1.004155955    1.004970227
    7.327327327    1.004208919    1.004145414    1.004963245
    7.342342342    1.004198329    1.004134906    1.004956270
    7.357357357    1.004187773    1.004124433    1.004949301
    7.372372372    1.004177250    1.004113993    1.004942338
    7.387387387    1.004166762    1.004103586    1.004935382
    7.402402402    1.004156306    1.004093214    1.004928433
    7.417417417    1.004145885    1.004082874    1.004921490
    7.432432432    1.004135496    1.004072568    1.004914554
    7.447447447    1.004125141    1.004062296    1.004907624
    7.462462462    1.004114819    1.004052056    1.004900701
    7.477477477    1.004104530    1.004041849    1.004893785
    7.492492492    1.004094274    1.004031676    1.004886876
    7.507507508    1.004084051    1.004021535    1.004879973
    7.522522523    1.004073861    1.004011427    1.004873077
    7.537537538    1.004063703    1.004001351    1.004866187
    7.552552553    1.004053578    1.003991308    1.004859305
    7.567567568    1.004043485    1.003981297    1.004852429
    7.582582583    1.004033424    1.003971318    1.004845561
    7.597597598    1.004023396    1.003961372    1.004838699
    7.612612613    1.004013400    1.003951457    1.004831844
    7.627627628    1.004003435    1.003941575    1.004824996
    7.642642643    1.003993503    1.003931724    1.004818155
    7.657657658    1.003983602    1.003921905    1.004811321
    7.672672673    1.003973733    1.003912118    1.004804494
    7.687687688    1.003963896    1.003902362    1.004797674
    7.702702703    1.003954090    1.003892638    1.004790861
    7.717717718    1.003944316    1.003882945    1.004784055
    7.732732733    1.003934572    1.003873283    1.004777257
    7.747747748    1.003924860    1.003863653    1.004770465
    7.762762763    1.003915179    1.003854053    1.004763681
    7.777777778    1.003905529    1.003844484    1.004756904
    7.792792793    1.003895910    1.003834946    1.004750134
    7.807807808    1.003886321    1.003825439    1.004743371
    7.822822823    1.003876763    1.003815962    1.004736616
    7.837837838    1.003867236    1.003806516    1.004729867
    7.852852853    1.003857739    1.003797100    1.004723127
    7.867867868    1.003848273    1.003787715    1.004716393
    7.882882883    1.003838836    1.003778359    1.004709667
    7.897897898    1.003829430    1.003769034    1.004702948
    7.912912913    1.003820054    1.003759738    1.004696236
    7.927927928    1.003810708    1.003750473    1.004689532
    7.942942943    1.003801391    1.003741237    1.004682836
    7.957957958    1.003792104    1.003732031    1.004676146
    7.972972973    1.003782847    1.003722855    1.004669465
    7.987987988    1.003773620    1.003713708    1.004662790
    8.003003003    1.003764422    1.003704590    1.004656124
    8.018018018    1.003755253    1.003695502    1.004649464
    8.033033033    1.003746113    1.003686442    1.004642813
    8.048048048    1.003737003    1.003677412    1.004636168
    8.063063063    1.003727921    1.003668411    1.004629532
    8.078078078    1.003718869    1.003659439    1.004622903
    8.093093093    1.003709845    1.003650495    1.004616281
    8.108108108    1.003700850    1.003641580    1.004609668
    8.123123123    1.003691884    1.003632694    1.004603061
    8.138138138    1.003682946    1.003623836    1.004596463
    8.153153153    1.003674037    1.003615006    1.004589872
    8.168168168    1.003665156    1.003606205    1.004583289
    8.183183183    1.003656303    1.003597432    1.004576713
    8.198198198    1.003647478    1.003588687    1.004570146
    8.213213213    1.003638681    1.003579970    1.004563586
    8.228228228    1.003629913    1.003571281    1.004557034
    8.243243243    1.003621172    1.003562619    1.004550489
    8.258258258    1.003612459    1.003553986    1.004543953
    8.273273273    1.003603773    1.003545380    1.004537424
    8.288288288    1.003595115    1.003536801    1.004530903
    8.303303303    1.003586485    1.003528250    1.004524389
    8.318318318    1.003577882    1.003519726    1.004517884
    8.333333333    1.003569306    1.003511229    1.004511387
    8.348348348    1.003560758    1.003502760    1.004504897
    8.363363363    1.003552236    1.003494317    1.004498415
    8.378378378    1.003543741    1.003485901    1.004491941
    8.393393393    1.003535274    1.003477513    1.004485475
    8.408408408    1.003526833    1.003469151    1.004479017
    8.423423423    1.003518419    1.003460815    1.004472567
    8.438438438    1.003510031    1.003452506    1.004466125
    8.453453453    1.003501670    1.003444224    1.004459691
    8.468468468    1.003493336    1.003435968    1.004453265
    8.483483483    1.003485027    1.003427738    1.004446847
    8.498498498    1.003476745    1.003419534    1.004440436
    8.513513514    1.003468490    1.003411357    1.004434034
    8.528528529    1.003460260    1.003403205    1.004427640
    8.543543544    1.003452056    1.003395079    1.004421254
    8.558558559    1.003443878    1.003386979    1.004414876
    8.573573574    1.003435726    1.003378905    1.004408506
    8.588588589    1.003427599    1.003370857    1.004402144
    8.603603604    1.003419498    1.003362834    1.004395790
    8.618618619    1.003411423    1.003354836    1.004389444
    8.633633634    1.003403373    1.003346864    1.004383106
    8.648648649    1.003395349    1.003338917    1.004376777
    8.663663664    1.003387349    1.003330995    1.004370455
    8.678678679    1.003379375    1.003323098    1.004364142
    8.693693694    1.003371426    1.003315226    1.004357837
    8.708708709    1.003363502    1.003307380    1.004351540
    8.723723724    1.003355602    1.003299558    1.004345251
    8.738738739    1.003347728    1.003291760    1.004338970
    8.753753754    1.003339878    1.003283988    1.004332697
    8.768768769    1.003332053    1.003276240    1.004326433
    8.783783784    1.003324252    1.003268516    1.004320177
    8.798798799    1.003316476    1.003260817    1.004313929
    8.813813814    1.003308724    1.003253142    1.004307689
    8.828828829    1.003300997    1.003245491    1.004301457
    8.843843844    1.003293294    1.003237864    1.004295234
    8.858858859    1.003285614    1.003230262    1.004289019
    8.873873874    1.003277959    1.003222683    1.004282812
    8.888888889    1.003270328    1.003215128    1.004276613
    8.903903904    1.003262720    1.003207597    1.004270423
    8.918918919    1.003255137    1.003200090    1.004264241
    8.933933934    1.003247577    1.003192606    1.004258067
    8.948948949    1.003240040    1.003185146    1.004251901
    8.963963964    1.003232528    1.003177709    1.004245744
    8.978978979    1.003225038    1.003170295    1.004239595
    8.993993994    1.003217572    1.003162905    1.004233454
    9.009009009    1.003210129    1.003155538    1.004227321
    9.024024024    1.003202710    1.003148194    1.004221197
    9.039039039    1.003195313    1.003140873    1.004215081
    9.054054054    1.003187939    1.003133575    1.004208974
    9.069069069    1.003180589    1.003126300    1.004202874
    9.084084084    1.003173261    1.003119048    1.004196784
    9.099099099    1.003165956    1.003111818    1.004190701
    9.114114114    1.003158674    1.003104611    1.004184627
    9.129129129    1.003151414    1.003097426    1.004178561
    9.144144144    1.003144177    1.003090264    1.004172503
    9.159159159    1.003136962    1.003083125    1.004166454
    9.174174174    1.003129770    1.003076007    1.004160413
    9.189189189    1.003122599    1.003068912    1.004154380
    9.204204204    1.003115451    1.003061839    1.004148356
    9.219219219    1.003108326    1.003054788    1.004142340
    9.234234234    1.003101222    1.003047758    1.004136333
    9.249249249    1.003094140    1.003040751    1.004130334
    9.264264264    1.003087080    1.003033766    1.004124343
    9.279279279    1.003080042    1.003026802    1.004118361
    9.294294294    1.003073026    1.003019860    1.004112387
    9.309309309    1.003066031    1.003012939    1.004106421
    9.324324324    1.003059058    1.003006040    1.004100464
    9.339339339    1.003052106    1.002999163    1.004094515
    9.354354354    1.003045176    1.002992306    1.004088575
    9.369369369    1.003038267    1.002985471    1.004082643
    9.384384384    1.003031380    1.002978658    1.004076719
    9.399399399    1.003024513    1.002971865    1.004070804
    9.414414414    1.003017668    1.002965093    1.004064897
    9.429429429    1.003010844    1.002958343    1.004058998
    9.444444444    1.003004040    1.002951613    1.004053108
    9.459459459    1.002997258    1.002944904    1.004047227
    9.474474474    1.002990496    1.002938215    1.004041354
    9.489489489    1.002983755    1.002931548    1.004035489
    9.504504505    1.002977035    1.002924901    1.004029632
    9.519519520    1.002970335    1.002918274    1.004023784
    9.534534535    1.002963656    1.002911668    1.004017945
    9.549549550    1.002956998    1.002905082    1.004012114
    9.564564565    1.002950359    1.002898516    1.004006291
    9.579579580    1.002943741    1.002891971    1.004000476
    9.594594595    1.002937144    1.002885446    1.003994670
    9.609609610    1.002930566    1.002878941    1.003988873
    9.624624625    1.002924008    1.002872456    1.003983084
    9.639639640    1.002917471    1.002865991    1.003977303
    9.654654655    1.002910953    1.002859545    1.003971531
    9.669669670    1.002904455    1.002853120    1.003965767
    9.684684685    1.002897977    1.002846714    1.003960011
    9.699699700    1.002891519    1.002840328    1.003954264
    9.714714715    1.002885081    1.002833961    1.003948526
    9.729729730    1.002878662    1.002827614    1.003942796
    9.744744745    1.002872262    1.002821286    1.003937074
    9.759759760    1.002865882    1.002814978    1.003931360
    9.774774775    1.002859521    1.002808689    1.003925655
    9.789789790    1.002853180    1.002802419    1.003919959
    9.804804805    1.002846858    1.002796168    1.003914271
    9.819819820    1.002840555    1.002789936    1.003908591
    9.834834835    1.002834271    1.002783723    1.003902920
    9.849849850    1.002828006    1.002777530    1.003897257
    9.864864865    1.002821760    1.002771355    1.003891602
    9.879879880    1.002815533    1.002765199    1.003885956
    9.894894895    1.002809325    1.002759061    1.003880318
    9.909909910    1.002803135    1.002752943    1.003874689
    9.924924925    1.002796964    1.002746843    1.003869068
    9.939939940    1.002790812    1.002740761    1.003863456
    9.954954955    1.002784678    1.002734698    1.003857852
    9.969969970    1.002778563    1.002728653    1.003852256
    9.984984985    1.002772467    1.002722627    1.003846669
   10.000000000    1.002766388    1.002716619    1.003841090
   10.015015015    1.002760328    1.002710629    1.003835519
   10.030030030    1.002754286    1.002704657    1.003829957
   10.045045045    1.002748262    1.002698703    1.003824403
   10.060060060    1.002742257    1.002692768    1.003818858
   10.075075075    1.002736269    1.002686850    1.003813321
   10.090090090    1.002730300    1.002680950    1.003807792
   10.105105105    1.002724348    1.002675068    1.003802272
   10.120120120    1.002718414    1.002669204    1.003796760
   10.135135135    1.002712498    1.002663357    1.003791256
   10.150150150    1.002706599    1.002657528    1.003785761
   10.165165165    1.002700718    1.002651716    1.003780274
   10.180180180    1.002694855    1.002645922    1.003774796
   10.195195195    1.002689009    1.002640146    1.003769326
   10.210210210    1.002683181    1.002634387    1.003763864
   10.225225225    1.002677370    1.002628645    1.003758411
   10.240240240    1.002671577    1.002622920    1.003752965
   10.255255255    1.002665800    1.002617212    1.003747529
   10.270270270    1.002660041    1.002611522    1.003742100
   10.285285285    1.002654299    1.002605849    1.003736680
   10.300300300    1.002648575    1.002600192    1.003731268
   10.315315315    1.002642867    1.002594553    1.003725865
   10.330330330    1.002637176    1.002588930    1.003720470
   10.345345345    1.002631502    1.002583325    1.003715083
   10.360360360    1.002625845    1.002577736    1.003709705
   10.375375375    1.002620204    1.002572163    1.003704334
   10.390390390    1.002614581    1.002566608    1.003698973
   10.405405405    1.002608974    1.002561069    1.003693619
   10.420420420    1.002603383    1.002555546    1.003688274
   10.435435435    1.002597810    1.002550040    1.003682937
   10.450450450    1.002592252    1.002544550    1.003677608
   10.465465465    1.002586711    1.002539077    1.003672287
   10.480480480    1.002581187    1.002533619    1.003666975
   10.495495495    1.002575678    1.002528179    1.003661671
   10.510510511    1.002570186    1.002522754    1.003656376
   10.525525526    1.002564710    1.002517345    1.003651088
   10.540540541    1.002559251    1.002511952    1.003645809
   10.555555556    1.002553807    1.002506576    1.003640538
   10.570570571    1.002548380    1.002501215    1.003635276
   10.585585586    1.002542968    1.002495870    1.003630021
   10.600600601    1.002537572    1.002490541    1.003624775
   10.615615616    1.002532192    1.002485228    1.003619537
   10.630630631    1.002526828    1.002479930    1.003614307
   10.645645646    1.002521480    1.002474648    1.003609086
   10.660660661    1.002516147    1.002469382    1.003603873
   10.675675676    1.002510830    1.002464131    1.003598667
   10.690690691    1.002505528    1.002458896    1.003593470
   10.705705706    1.002500242    1.002453676    1.003588282
   10.720720721    1.002494972    1.002448471    1.003583101
   10.735735736    1.002489717    1.002443282    1.003577929
   10.750750751    1.002484477    1.002438108    1.003572765
   10.765765766    1.002479252    1.002432949    1.003567609
   10.780780781    1.002474043    1.002427806    1.003562461
   10.795795796    1.002468849    1.002422677    1.003557321
   10.810810811    1.002463670    1.002417564    1.003552189
   10.825825826    1.002458506    1.002412465    1.003547066
   10.840840841    1.002453357    1.002407382    1.003541951
   10.855855856    1.002448224    1.002402313    1.003536844
   10.870870871    1.002443105    1.002397259    1.003531745
   10.885885886    1.002438000    1.002392220    1.003526654
   10.900900901    1.002432911    1.002387196    1.003521571
   10.915915916    1.002427837    1.002382186    1.003516496
   10.930930931    1.002422777    1.002377191    1.003511430
   10.945945946    1.002417732    1.002372210    1.003506371
   10.960960961    1.002412701    1.002367244    1.003501321
   10.975975976    1.002407685    1.002362293    1.003496278
   10.990990991    1.002402684    1.002357356    1.003491244
   11.006006006    1.002397697    1.002352433    1.003486218
   11.021021021    1.002392724    1.002347524    1.003481200
   11.036036036    1.002387766    1.002342630    1.003476189
   11.051051051    1.002382822    1.002337750    1.003471187
   11.066066066    1.002377892    1.002332884    1.003466193
   11.081081081    1.002372976    1.002328032    1.003461207
   11.096096096    1.002368075    1.002323195    1.003456229
   11.111111111    1.002363188    1.002318371    1.003451259
   11.126126126    1.002358314    1.002313561    1.003446297
   11.141141141    1.002353455    1.002308766    1.003441343
   11.156156156    1.002348610    1.002303984    1.003436397
   11.171171171    1.002343778    1.002299215    1.003431459
   11.186186186    1.002338961    1.002294461    1.003426529
   11.201201201    1.002334157    1.002289720    1.003421607
   11.216216216    1.002329367    1.002284993    1.003416693
   11.231231231    1.002324591    1.002280280    1.003411787
   11.246246246    1.002319828    1.002275580    1.003406888
   11.261261261    1.002315079    1.002270894    1.003401998
   11.276276276    1.002310343    1.002266221    1.003397116
   11.291291291    1.002305621    1.002261562    1.003392241
   11.306306306    1.002300913    1.002256916    1.003387375
   11.321321321    1.002296218    1.002252283    1.003382516
   11.336336336    1.002291536    1.002247663    1.003377665
   11.351351351    1.002286868    1.002243057    1.003372822
   11.366366366    1.002282213    1.002238464    1.003367987
   11.381381381    1.002277571    1.002233884    1.003363160
   11.396396396    1.002272942    1.002229318    1.003358341
   11.411411411    1.002268327    1.002224764    1.003353530
   11.426426426    1.002263724    1.002220223    1.003348726
   11.441441441    1.002259135    1.002215695    1.003343930
   11.456456456    1.002254558    1.002211181    1.003339143
   11.471471471    1.002249995    1.002206679    1.003334363
   11.486486486    1.002245444    1.002202190    1.003329590
   11.501501502    1.002240907    1.002197713    1.003324826
   11.516516517    1.002236382    1.002193250    1.003320069
   11.531531532    1.002231870    1.002188799    1.003315320
   11.546546547    1.002227371    1.002184360    1.003310579
   11.561561562    1.002222884    1.002179935    1.003305846
   11.576576577    1.002218410    1.002175521    1.003301120
   11.591591592    1.002213949    1.002171121    1.003296403
   11.606606607    1.002209500    1.002166733    1.003291693
   11.621621622    1.002205063    1.002162357    1.003286990
   11.636636637    1.002200640    1.002157994    1.003282296
   11.651651652    1.002196228    1.002153643    1.003277609
   11.666666667    1.002191829    1.002149304    1.003272930
   11.681681682    1.002187443    1.002144977    1.003268258
   11.696696697    1.002183068    1.002140663    1.003263594
   11.711711712    1.002178706    1.002136361    1.003258938
   11.726726727    1.002174356    1.002132071    1.003254290
   11.741741742    1.002170018    1.002127793    1.003249649
   11.756756757    1.002165693    1.002123527    1.003245016
   11.771771772    1.002161379    1.002119274    1.003240391
   11.786786787    1.002157078    1.002115032    1.003235773
   11.801801802    1.002152788    1.002110802    1.003231163
   11.816816817    1.002148511    1.002106584    1.003226560
   11.831831832    1.002144245    1.002102377    1.003221965
   11.846846847    1.002139992    1.002098183    1.003217378
   11.861861862    1.002135750    1.002094000    1.003212798
   11.876876877    1.002131520    1.002089829    1.003208226
   11.891891892    1.002127301    1.002085670    1.003203661
   11.906906907    1.002123095    1.002081522    1.003199104
   11.921921922    1.002118900    1.002077386    1.003194555
   11.936936937    1.002114717    1.002073261    1.003190013
   11.951951952    1.002110545    1.002069148    1.003185478
   11.966966967    1.002106385    1.002065047    1.003180952
   11.981981982    1.002102236    1.002060957    1.003176432
   11.996996997    1.002098099    1.002056878    1.003171920
   12.012012012    1.002093973    1.002052810    1.003167416
   12.027027027    1.002089859    1.002048754    1.003162919
   12.042042042    1.002085756    1.002044709    1.003158430
   12.057057057    1.002081665    1.002040676    1.003153948
   12.072072072    1.002077584    1.002036653    1.003149474
   12.087087087    1.002073515    1.002032642    1.003145007
   12.102102102    1.002069457    1.002028642    1.003140547
   12.117117117    1.002065411    1.002024653    1.003136095
   12.132132132    1.002061375    1.002020675    1.003131650
   12.147147147    1.002057351    1.002016708    1.003127213
   12.162162162    1.002053337    1.002012752    1.003122783
   12.177177177    1.002049335    1.002008807    1.003118361
   12.192192192    1.002045343    1.002004872    1.003113946
   12.207207207    1.002041363    1.002000949    1.003109538
   12.222222222    1.002037393    1.001997036    1.003105138
   12.237237237    1.002033434    1.001993135    1.003100745
   12.252252252    1.002029487    1.001989244    1.003096359
   12.267267267    1.002025549    1.001985363    1.003091981
   12.282282282    1.002021623    1.001981493    1.003087610
   12.297297297    1.002017707    1.001977634    1.003083246
   12.312312312    1.002013802    1.001973786    1.003078890
   12.327327327    1.002009908    1.001969948    1.003074541
   12.342342342    1.002006024    1.001966121    1.003070199
   12.357357357    1.002002151    1.001962304    1.003065865
   12.372372372    1.001998289    1.001958497    1.003061537
   12.387387387    1.001994437    1.001954701    1.003057217
   12.402402402    1.001990595    1.001950916    1.003052905
   12.417417417    1.001986764    1.001947140    1.003048599
   12.432432432    1.001982943    1.001943375    1.003044301
   12.447447447    1.001979133    1.001939621    1.003040010
   12.462462462    1.001975333    1.001935876    1.003035726
   12.477477477    1.001971543    1.001932142    1.003031450
   12.492492492    1.001967763    1.001928418    1.003027180
   12.507507508    1.001963994    1.001924704    1.003022918
   12.522522523    1.001960235    1.001921000    1.003018663
   12.537537538    1.001956486    1.001917306    1.003014415
   12.552552553    1.001952747    1.001913622    1.003010174
   12.567567568    1.001949018    1.001909949    1.003005941
   12.582582583    1.001945299    1.001906285    1.003001714
   12.597597598    1.001941591    1.001902631    1.002997495
   12.612612613    1.001937892    1.001898987    1.002993282
   12.627627628    1.001934203    1.001895353    1.002989077
   12.642642643    1.001930524    1.001891729    1.002984879
   12.657657658    1.001926855    1.001888114    1.002980688
   12.672672673    1.001923196    1.001884509    1.002976504
   12.687687688    1.001919547    1.001880914    1.002972327
   12.702702703    1.001915907    1.001877329    1.002968158
   12.717717718    1.001912277    1.001873753    1.002963995
   12.732732733    1.001908657    1.001870187    1.002959839
   12.747747748    1.001905047    1.001866631    1.002955690
   12.762762763    1.001901446    1.001863084    1.002951549
   12.777777778    1.001897855    1.001859547    1.002947414
   12.792792793    1.001894273    1.001856019    1.002943286
   12.807807808    1.001890701    1.001852501    1.002939165
   12.822822823    1.001887139    1.001848992    1.002935052
   12.837837838    1.001883586    1.001845492    1.002930945
   12.852852853    1.001880042    1.001842002    1.002926845
   12.867867868    1.001876508    1.001838521    1.002922752
   12.882882883    1.001872984    1.001835050    1.002918666
   12.897897898    1.001869468    1.001831588    1.002914587
   12.912912913    1.001865962    1.001828135    1.002910514
   12.927927928    1.001862466    1.001824691    1.002906449
   12.942942943    1.001858978    1.001821257    1.002902391
   12.957957958    1.001855500    1.001817831    1.002898339
   12.972972973    1.001852031    1.001814415    1.002894294
   12.987987988    1.001848571    1.001811008    1.002890257
   13.003003003    1.001845121    1.001807610    1.002886226
   13.018018018    1.001841679    1.001804221    1.002882201
   13.033033033    1.001838247    1.001800841    1.002878184
   13.048048048    1.001834824    1.001797470    1.002874174
   13.063063063    1.001831409    1.001794108    1.002870170
   13.078078078    1.001828004    1.001790754    1.002866173
   13.093093093    1.001824608    1.001787410    1.002862183
   13.108108108    1.001821220    1.001784075    1.002858199
   13.123123123    1.001817842    1.001780748    1.002854223
   13.138138138    1.001814472    1.001777430    1.002850253
   13.153153153    1.001811111    1.001774121    1.002846290
   13.168168168    1.001807759    1.001770821    1.002842333
   13.183183183    1.001804416    1.001767529    1.002838384
   13.198198198    1.001801082    1.001764246    1.002834441
   13.213213213    1.001797756    1.001760972    1.002830504
   13.228228228    1.001794439    1.001757706    1.002826575
   13.243243243    1.001791131    1.001754449    1.002822652
   13.258258258    1.001787831    1.001751201    1.002818736
   13.273273273    1.001784540    1.001747961    1.002814826
   13.288288288    1.001781258    1.001744730    1.002810923
   13.303303303    1.001777984    1.001741507    1.002807027
   13.318318318    1.001774719    1.001738292    1.002803137
   13.333333333    1.001771462    1.001735086    1.002799254
   13.348348348    1.001768214    1.001731888    1.002795378
   13.363363363    1.001764974    1.001728699    1.002791508
   13.378378378    1.001761742    1.001725518    1.002787645
   13.393393393    1.001758519    1.001722346    1.002783788
   13.408408408    1.001755305    1.001719181    1.002779938
   13.423423423    1.001752098    1.001716025    1.002776094
   13.438438438    1.001748900    1.001712877    1.002772257
   13.453453453    1.001745711    1.001709738    1.002768427
   13.468468468    1.001742529    1.001706606    1.002764603
   13.483483483    1.001739356    1.001703483    1.002760786
   13.498498498    1.001736191    1.001700368    1.002756975
   13.513513514    1.001733034    1.001697261    1.002753170
   13.528528529    1.001729885    1.001694162    1.002749372
   13.543543544    1.001726745    1.001691071    1.002745581
   13.558558559    1.001723612    1.001687988    1.002741796
   13.573573574    1.001720488    1.001684913    1.002738017
   13.588588589    1.001717372    1.001681846    1.002734245
   13.603603604    1.001714263    1.001678787    1.002730479
   13.618618619    1.001711163    1.001675736    1.002726720
   13.633633634    1.001708071    1.001672692    1.002722967
   13.648648649    1.001704986    1.001669657    1.002719221
   13.663663664    1.001701910    1.001666630    1.002715481
   13.678678679    1.001698841    1.001663610    1.002711747
   13.693693694    1.001695780    1.001660598    1.002708020
   13.708708709    1.001692728    1.001657594    1.002704299
   13.723723724    1.001689682    1.001654597    1.002700584
   13.738738739    1.001686645    1.001651609    1.002696876
   13.753753754    1.001683616    1.001648628    1.002693174
   13.768768769    1.001680594    1.001645654    1.002689478
   13.783783784    1.001677580    1.001642689    1.002685789
   13.798798799    1.001674573    1.001639730    1.002682106
   13.813813814    1.001671575    1.001636780    1.002678429
   13.828828829    1.001668584    1.001633837    1.002674758
   13.843843844    1.001665600    1.001630902    1.002671094
   13.858858859    1.001662624    1.001627974    1.002667436
   13.873873874    1.001659656    1.001625053    1.002663785
   13.888888889    1.001656695    1.001622140    1.002660139
   13.903903904    1.001653742    1.001619235    1.002656500
   13.918918919    1.001650797    1.001616337    1.002652867
   13.933933934    1.001647858    1.001613446    1.002649240
   13.948948949    1.001644927    1.001610563    1.002645619
   13.963963964    1.001642004    1.001607687    1.002642005
   13.978978979    1.001639088    1.001604818    1.002638397
   13.993993994    1.001636180    1.001601957    1.002634794
   14.009009009    1.001633278    1.001599102    1.002631198
   14.024024024    1.001630384    1.001596256    1.002627609
   14.039039039    1.001627498    1.001593416    1.002624025
   14.054054054    1.001624618    1.001590584    1.002620447
   14.069069069    1.001621746    1.001587758    1.002616876
   14.084084084    1.001618882    1.001584940    1.002613310
   14.099099099    1.001616024    1.001582129    1.002609751
   14.114114114    1.001613173    1.001579326    1.002606198
   14.129129129    1.001610330    1.001576529    1.002602651
   14.144144144    1.001607494    1.001573739    1.002599110
   14.159159159    1.001604665    1.001570957    1.002595575
   14.174174174    1.001601843    1.001568181    1.002592046
   14.189189189    1.001599028    1.001565412    1.002588523
   14.204204204    1.001596221    1.001562651    1.002585006
   14.219219219    1.001593420    1.001559896    1.002581495
   14.234234234    1.001590626    1.001557148    1.002577990
   14.249249249    1.001587839    1.001554408    1.002574491
   14.264264264    1.001585060    1.001551674    1.002570998
   14.279279279    1.001582287    1.001548947    1.002567511
   14.294294294    1.001579521    1.001546226    1.002564030
   14.309309309    1.001576762    1.001543513    1.002560555
   14.324324324    1.001574010    1.001540806    1.002557086
   14.339339339    1.001571264    1.001538107    1.002553623
   14.354354354    1.001568526    1.001535414    1.002550166
   14.369369369    1.001565794    1.001532727    1.002546714
   14.384384384    1.001563069    1.001530048    1.002543269
   14.399399399    1.001560351    1.001527375    1.002539829
   14.414414414    1.001557640    1.001524709    1.002536395
   14.429429429    1.001554935    1.001522049    1.002532968
   14.444444444    1.001552238    1.001519396    1.002529546
   14.459459459    1.001549546    1.001516750    1.002526129
   14.474474474    1.001546862    1.001514110    1.002522719
   14.489489489    1.001544184    1.001511477    1.002519315
   14.504504505    1.001541513    1.001508850    1.002515916
   14.519519520    1.001538848    1.001506230    1.002512523
   14.534534535    1.001536190    1.001503616    1.002509136
   14.549549550    1.001533538    1.001501009    1.002505755
   14.564564565    1.001530893    1.001498409    1.002502379
   14.579579580    1.001528255    1.001495815    1.002499010
   14.594594595    1.001525623    1.001493227    1.002495646
   14.609609610    1.001522997    1.001490645    1.002492287
   14.624624625    1.001520378    1.001488070    1.002488935
   14.639639640    1.001517765    1.001485502    1.002485588
   14.654654655    1.001515159    1.001482939    1.002482247
   14.669669670    1.001512559    1.001480383    1.002478912
   14.684684685    1.001509966    1.001477834    1.002475582
   14.699699700    1.001507379    1.001475290    1.002472258
   14.714714715    1.001504798    1.001472753    1.002468940
   14.729729730    1.001502224    1.001470223    1.002465627
   14.744744745    1.001499656    1.001467698    1.002462320
   14.759759760    1.001497094    1.001465179    1.002459019
   14.774774775    1.001494538    1.001462667    1.002455723
   14.789789790    1.001491989    1.001460161    1.002452433
   14.804804805    1.001489446    1.001457661    1.002449149
   14.819819820    1.001486909    1.001455167    1.002445870
   14.834834835    1.001484378    1.001452680    1.002442597
   14.849849850    1.001481853    1.001450198    1.002439329
   14.864864865    1.001479335    1.001447723    1.002436067
   14.879879880    1.001476823    1.001445253    1.002432811
   14.894894895    1.001474317    1.001442790    1.002429560
   14.909909910    1.001471816    1.001440332    1.002426315
   14.924924925    1.001469322    1.001437881    1.002423075
   14.939939940    1.001466834    1.001435435    1.002419840
   14.954954955    1.001464352    1.001432996    1.002416612
   14.969969970    1.001461876    1.001430562    1.002413388
   14.984984985    1.001459406    1.001428135    1.002410171
   15.000000000    1.001456942    1.001425713    1.002406958
