#Chi is reported as CHI_(i)_(j) \hbar \omega (Ry)  Re(chi) (e^2*a_0^2/Ry) Im(chi) (e^2*a_0^2/Ry) 
     chi_1_1=  0.000000000000000E+00  0.428278391671114E+02  0.000000000000000E+00
     chi_1_1=  0.100000000000000E-02  0.428279198751938E+02  0.645795138600257E-03
     chi_1_1=  0.200000000000000E-02  0.428281620024502E+02  0.129161436329857E-02
     chi_1_1=  0.300000000000000E-02  0.428285655579074E+02  0.193748176285888E-02
     chi_1_1=  0.400000000000000E-02  0.428291305566122E+02  0.258342143137753E-02
     chi_1_1=  0.500000000000000E-02  0.428298570196319E+02  0.322945747095084E-02
     chi_1_1=  0.600000000000000E-02  0.428307449740568E+02  0.387561399434450E-02
     chi_1_1=  0.700000000000000E-02  0.428317944530042E+02  0.452191512766540E-02
     chi_1_1=  0.800000000000000E-02  0.428330054956205E+02  0.516838501303605E-02
     chi_1_1=  0.900000000000000E-02  0.428343781470868E+02  0.581504781127286E-02
     chi_1_1=  0.100000000000000E-01  0.428359124586233E+02  0.646192770456826E-02
     chi_1_1=  0.110000000000000E-01  0.428376084874952E+02  0.710904889917749E-02
     chi_1_1=  0.120000000000000E-01  0.428394662970188E+02  0.775643562811093E-02
     chi_1_1=  0.130000000000000E-01  0.428414859565689E+02  0.840411215383183E-02
     chi_1_1=  0.140000000000000E-01  0.428436675415858E+02  0.905210277096077E-02
     chi_1_1=  0.150000000000000E-01  0.428460111335849E+02  0.970043180898723E-02
     chi_1_1=  0.160000000000000E-01  0.428485168201644E+02  0.103491236349884E-01
     chi_1_1=  0.170000000000000E-01  0.428511846950155E+02  0.109982026563568E-01
     chi_1_1=  0.180000000000000E-01  0.428540148579335E+02  0.116476933235360E-01
     chi_1_1=  0.190000000000000E-01  0.428570074148280E+02  0.122976201327666E-01
     chi_1_1=  0.200000000000000E-01  0.428601624777347E+02  0.129480076288415E-01
     chi_1_1=  0.210000000000000E-01  0.428634801648286E+02  0.135988804078723E-01
     chi_1_1=  0.220000000000000E-01  0.428669606004366E+02  0.142502631200671E-01
     chi_1_1=  0.230000000000000E-01  0.428706039150514E+02  0.149021804725195E-01
     chi_1_1=  0.240000000000000E-01  0.428744102453459E+02  0.155546572320110E-01
     chi_1_1=  0.250000000000000E-01  0.428783797341896E+02  0.162077182278257E-01
     chi_1_1=  0.260000000000000E-01  0.428825125306624E+02  0.168613883545800E-01
     chi_1_1=  0.270000000000000E-01  0.428868087900733E+02  0.175156925750647E-01
     chi_1_1=  0.280000000000000E-01  0.428912686739769E+02  0.181706559231050E-01
     chi_1_1=  0.290000000000000E-01  0.428958923501913E+02  0.188263035064334E-01
     chi_1_1=  0.300000000000000E-01  0.429006799928174E+02  0.194826605095807E-01
     chi_1_1=  0.310000000000000E-01  0.429056317822586E+02  0.201397521967839E-01
     chi_1_1=  0.320000000000000E-01  0.429107479052399E+02  0.207976039149110E-01
     chi_1_1=  0.330000000000000E-01  0.429160285548304E+02  0.214562410964049E-01
     chi_1_1=  0.340000000000000E-01  0.429214739304642E+02  0.221156892622463E-01
     chi_1_1=  0.350000000000000E-01  0.429270842379628E+02  0.227759740249361E-01
     chi_1_1=  0.360000000000000E-01  0.429328596895588E+02  0.234371210914981E-01
     chi_1_1=  0.370000000000000E-01  0.429388005039195E+02  0.240991562665040E-01
     chi_1_1=  0.380000000000000E-01  0.429449069061720E+02  0.247621054551184E-01
     chi_1_1=  0.390000000000000E-01  0.429511791279280E+02  0.254259946661678E-01
     chi_1_1=  0.400000000000000E-01  0.429576174073112E+02  0.260908500152328E-01
     chi_1_1=  0.410000000000000E-01  0.429642219889831E+02  0.267566977277634E-01
     chi_1_1=  0.420000000000000E-01  0.429709931241717E+02  0.274235641422204E-01
     chi_1_1=  0.430000000000000E-01  0.429779310706999E+02  0.280914757132417E-01
     chi_1_1=  0.440000000000000E-01  0.429850360930146E+02  0.287604590148344E-01
     chi_1_1=  0.450000000000000E-01  0.429923084622174E+02  0.294305407435947E-01
     chi_1_1=  0.460000000000000E-01  0.429997484560951E+02  0.301017477219557E-01
     chi_1_1=  0.470000000000000E-01  0.430073563591521E+02  0.307741069014638E-01
     chi_1_1=  0.480000000000000E-01  0.430151324626425E+02  0.314476453660837E-01
     chi_1_1=  0.490000000000000E-01  0.430230770646040E+02  0.321223903355356E-01
     chi_1_1=  0.500000000000000E-01  0.430311904698916E+02  0.327983691686608E-01
     chi_1_1=  0.510000000000000E-01  0.430394729902137E+02  0.334756093668221E-01
     chi_1_1=  0.520000000000000E-01  0.430479249441675E+02  0.341541385773354E-01
     chi_1_1=  0.530000000000000E-01  0.430565466572761E+02  0.348339845969349E-01
     chi_1_1=  0.540000000000000E-01  0.430653384620256E+02  0.355151753752732E-01
     chi_1_1=  0.550000000000000E-01  0.430743006979048E+02  0.361977390184576E-01
     chi_1_1=  0.560000000000000E-01  0.430834337114440E+02  0.368817037926210E-01
     chi_1_1=  0.570000000000000E-01  0.430927378562556E+02  0.375670981275320E-01
     chi_1_1=  0.580000000000000E-01  0.431022134930752E+02  0.382539506202417E-01
     chi_1_1=  0.590000000000000E-01  0.431118609898043E+02  0.389422900387701E-01
     chi_1_1=  0.600000000000000E-01  0.431216807215529E+02  0.396321453258337E-01
     chi_1_1=  0.610000000000000E-01  0.431316730706842E+02  0.403235456026117E-01
     chi_1_1=  0.620000000000000E-01  0.431418384268587E+02  0.410165201725568E-01
     chi_1_1=  0.630000000000000E-01  0.431521771870815E+02  0.417110985252484E-01
     chi_1_1=  0.640000000000000E-01  0.431626897557481E+02  0.424073103402882E-01
     chi_1_1=  0.650000000000000E-01  0.431733765446927E+02  0.431051854912433E-01
     chi_1_1=  0.660000000000000E-01  0.431842379732376E+02  0.438047540496345E-01
     chi_1_1=  0.670000000000000E-01  0.431952744682423E+02  0.445060462889723E-01
     chi_1_1=  0.680000000000000E-01  0.432064864641552E+02  0.452090926888398E-01
     chi_1_1=  0.690000000000000E-01  0.432178744030652E+02  0.459139239390274E-01
     chi_1_1=  0.700000000000000E-01  0.432294387347543E+02  0.466205709437165E-01
     chi_1_1=  0.710000000000000E-01  0.432411799167528E+02  0.473290648257161E-01
     chi_1_1=  0.720000000000001E-01  0.432530984143932E+02  0.480394369307512E-01
     chi_1_1=  0.730000000000001E-01  0.432651947008671E+02  0.487517188318063E-01
     chi_1_1=  0.740000000000001E-01  0.432774692572823E+02  0.494659423335248E-01
     chi_1_1=  0.750000000000001E-01  0.432899225727214E+02  0.501821394766637E-01
     chi_1_1=  0.760000000000001E-01  0.433025551443006E+02  0.509003425426059E-01
     chi_1_1=  0.770000000000001E-01  0.433153674772313E+02  0.516205840579355E-01
     chi_1_1=  0.780000000000001E-01  0.433283600848814E+02  0.523428967990689E-01
     chi_1_1=  0.790000000000001E-01  0.433415334888382E+02  0.530673137969500E-01
     chi_1_1=  0.800000000000001E-01  0.433548882189725E+02  0.537938683418088E-01
     chi_1_1=  0.810000000000001E-01  0.433684248135046E+02  0.545225939879849E-01
     chi_1_1=  0.820000000000001E-01  0.433821438190701E+02  0.552535245588154E-01
     chi_1_1=  0.830000000000001E-01  0.433960457907875E+02  0.559866941515923E-01
     chi_1_1=  0.840000000000001E-01  0.434101312923282E+02  0.567221371425881E-01
     chi_1_1=  0.850000000000001E-01  0.434244008959859E+02  0.574598881921521E-01
     chi_1_1=  0.860000000000001E-01  0.434388551827489E+02  0.581999822498771E-01
     chi_1_1=  0.870000000000001E-01  0.434534947423719E+02  0.589424545598437E-01
     chi_1_1=  0.880000000000001E-01  0.434683201734517E+02  0.596873406659355E-01
     chi_1_1=  0.890000000000001E-01  0.434833320835010E+02  0.604346764172329E-01
     chi_1_1=  0.900000000000001E-01  0.434985310890266E+02  0.611844979734872E-01
     chi_1_1=  0.910000000000001E-01  0.435139178156070E+02  0.619368418106716E-01
     chi_1_1=  0.920000000000001E-01  0.435294928979725E+02  0.626917447266167E-01
     chi_1_1=  0.930000000000001E-01  0.435452569800859E+02  0.634492438467284E-01
     chi_1_1=  0.940000000000001E-01  0.435612107152248E+02  0.642093766297923E-01
     chi_1_1=  0.950000000000001E-01  0.435773547660664E+02  0.649721808738644E-01
     chi_1_1=  0.960000000000001E-01  0.435936898047718E+02  0.657376947222522E-01
     chi_1_1=  0.970000000000001E-01  0.436102165130742E+02  0.665059566695860E-01
     chi_1_1=  0.980000000000001E-01  0.436269355823661E+02  0.672770055679836E-01
     chi_1_1=  0.990000000000001E-01  0.436438477137905E+02  0.680508806333118E-01
     chi_1_1=  0.100000000000000E+00  0.436609536183316E+02  0.688276214515414E-01
     chi_1_1=  0.101000000000000E+00  0.436782540169084E+02  0.696072679852049E-01
     chi_1_1=  0.102000000000000E+00  0.436957496404695E+02  0.703898605799551E-01
     chi_1_1=  0.103000000000000E+00  0.437134412300896E+02  0.711754399712257E-01
     chi_1_1=  0.104000000000000E+00  0.437313295370677E+02  0.719640472909994E-01
     chi_1_1=  0.105000000000000E+00  0.437494153230264E+02  0.727557240746825E-01
     chi_1_1=  0.106000000000000E+00  0.437676993600144E+02  0.735505122680924E-01
     chi_1_1=  0.107000000000000E+00  0.437861824306093E+02  0.743484542345561E-01
     chi_1_1=  0.108000000000000E+00  0.438048653280223E+02  0.751495927621223E-01
     chi_1_1=  0.109000000000000E+00  0.438237488562060E+02  0.759539710708957E-01
     chi_1_1=  0.110000000000000E+00  0.438428338299628E+02  0.767616328204896E-01
     chi_1_1=  0.111000000000000E+00  0.438621210750554E+02  0.775726221175985E-01
     chi_1_1=  0.112000000000000E+00  0.438816114283194E+02  0.783869835237006E-01
     chi_1_1=  0.113000000000000E+00  0.439013057377785E+02  0.792047620628875E-01
     chi_1_1=  0.114000000000000E+00  0.439212048627594E+02  0.800260032298207E-01
     chi_1_1=  0.115000000000000E+00  0.439413096740122E+02  0.808507529978306E-01
     chi_1_1=  0.116000000000000E+00  0.439616210538292E+02  0.816790578271432E-01
     chi_1_1=  0.117000000000000E+00  0.439821398961687E+02  0.825109646732516E-01
     chi_1_1=  0.118000000000000E+00  0.440028671067791E+02  0.833465209954313E-01
     chi_1_1=  0.119000000000000E+00  0.440238036033257E+02  0.841857747653960E-01
     chi_1_1=  0.120000000000000E+00  0.440449503155200E+02  0.850287744761100E-01
     chi_1_1=  0.121000000000000E+00  0.440663081852507E+02  0.858755691507453E-01
     chi_1_1=  0.122000000000000E+00  0.440878781667176E+02  0.867262083518015E-01
     chi_1_1=  0.123000000000000E+00  0.441096612265662E+02  0.875807421903783E-01
     chi_1_1=  0.124000000000000E+00  0.441316583440275E+02  0.884392213356165E-01
     chi_1_1=  0.125000000000000E+00  0.441538705110571E+02  0.893016970243005E-01
     chi_1_1=  0.126000000000000E+00  0.441762987324787E+02  0.901682210706334E-01
     chi_1_1=  0.127000000000000E+00  0.441989440261296E+02  0.910388458761866E-01
     chi_1_1=  0.128000000000000E+00  0.442218074230082E+02  0.919136244400214E-01
     chi_1_1=  0.129000000000000E+00  0.442448899674244E+02  0.927926103690001E-01
     chi_1_1=  0.130000000000000E+00  0.442681927171530E+02  0.936758578882743E-01
     chi_1_1=  0.131000000000000E+00  0.442917167435890E+02  0.945634218519693E-01
     chi_1_1=  0.132000000000000E+00  0.443154631319060E+02  0.954553577540586E-01
     chi_1_1=  0.133000000000000E+00  0.443394329812173E+02  0.963517217394371E-01
     chi_1_1=  0.134000000000000E+00  0.443636274047400E+02  0.972525706151971E-01
     chi_1_1=  0.135000000000000E+00  0.443880475299614E+02  0.981579618621120E-01
     chi_1_1=  0.136000000000000E+00  0.444126944988085E+02  0.990679536463297E-01
     chi_1_1=  0.137000000000000E+00  0.444375694678209E+02  0.999826048312845E-01
     chi_1_1=  0.138000000000000E+00  0.444626736083259E+02  0.100901974989829E+00
     chi_1_1=  0.139000000000000E+00  0.444880081066178E+02  0.101826124416592E+00
     chi_1_1=  0.140000000000000E+00  0.445135741641385E+02  0.102755114140570E+00
     chi_1_1=  0.141000000000000E+00  0.445393729976637E+02  0.103689005937952E+00
     chi_1_1=  0.142000000000000E+00  0.445654058394898E+02  0.104627862345190E+00
     chi_1_1=  0.143000000000000E+00  0.445916739376261E+02  0.105571746672314E+00
     chi_1_1=  0.144000000000000E+00  0.446181785559889E+02  0.106520723016499E+00
     chi_1_1=  0.145000000000000E+00  0.446449209746004E+02  0.107474856275899E+00
     chi_1_1=  0.146000000000000E+00  0.446719024897896E+02  0.108434212163733E+00
     chi_1_1=  0.147000000000000E+00  0.446991244143982E+02  0.109398857222657E+00
     chi_1_1=  0.148000000000000E+00  0.447265880779886E+02  0.110368858839397E+00
     chi_1_1=  0.149000000000000E+00  0.447542948270574E+02  0.111344285259681E+00
     chi_1_1=  0.150000000000000E+00  0.447822460252506E+02  0.112325205603450E+00
     chi_1_1=  0.151000000000000E+00  0.448104430535844E+02  0.113311689880373E+00
     chi_1_1=  0.152000000000000E+00  0.448388873106688E+02  0.114303809005659E+00
     chi_1_1=  0.153000000000000E+00  0.448675802129360E+02  0.115301634816188E+00
     chi_1_1=  0.154000000000000E+00  0.448965231948723E+02  0.116305240086956E+00
     chi_1_1=  0.155000000000000E+00  0.449257177092535E+02  0.117314698547840E+00
     chi_1_1=  0.156000000000000E+00  0.449551652273867E+02  0.118330084900709E+00
     chi_1_1=  0.157000000000000E+00  0.449848672393540E+02  0.119351474836869E+00
     chi_1_1=  0.158000000000000E+00  0.450148252542615E+02  0.120378945054848E+00
     chi_1_1=  0.159000000000000E+00  0.450450408004939E+02  0.121412573278560E+00
     chi_1_1=  0.160000000000000E+00  0.450755154259719E+02  0.122452438275820E+00
     chi_1_1=  0.161000000000000E+00  0.451062506984148E+02  0.123498619877227E+00
     chi_1_1=  0.162000000000000E+00  0.451372482056086E+02  0.124551198995453E+00
     chi_1_1=  0.163000000000000E+00  0.451685095556784E+02  0.125610257644906E+00
     chi_1_1=  0.164000000000000E+00  0.452000363773656E+02  0.126675878961801E+00
     chi_1_1=  0.165000000000000E+00  0.452318303203100E+02  0.127748147224643E+00
     chi_1_1=  0.166000000000000E+00  0.452638930553387E+02  0.128827147875138E+00
     chi_1_1=  0.167000000000000E+00  0.452962262747570E+02  0.129912967539520E+00
     chi_1_1=  0.168000000000000E+00  0.453288316926489E+02  0.131005694050342E+00
     chi_1_1=  0.169000000000000E+00  0.453617110451784E+02  0.132105416468700E+00
     chi_1_1=  0.170000000000000E+00  0.453948660909013E+02  0.133212225106937E+00
     chi_1_1=  0.171000000000000E+00  0.454282986110782E+02  0.134326211551811E+00
     chi_1_1=  0.172000000000000E+00  0.454620104099967E+02  0.135447468688160E+00
     chi_1_1=  0.173000000000000E+00  0.454960033152979E+02  0.136576090723066E+00
     chi_1_1=  0.174000000000000E+00  0.455302791783086E+02  0.137712173210514E+00
     chi_1_1=  0.175000000000000E+00  0.455648398743820E+02  0.138855813076603E+00
     chi_1_1=  0.176000000000000E+00  0.455996873032416E+02  0.140007108645276E+00
     chi_1_1=  0.177000000000000E+00  0.456348233893341E+02  0.141166159664599E+00
     chi_1_1=  0.178000000000000E+00  0.456702500821883E+02  0.142333067333620E+00
     chi_1_1=  0.179000000000000E+00  0.457059693567794E+02  0.143507934329791E+00
     chi_1_1=  0.180000000000000E+00  0.457419832139019E+02  0.144690864836995E+00
     chi_1_1=  0.181000000000000E+00  0.457782936805493E+02  0.145881964574172E+00
     chi_1_1=  0.182000000000000E+00  0.458149028103004E+02  0.147081340824580E+00
     chi_1_1=  0.183000000000000E+00  0.458518126837124E+02  0.148289102465681E+00
     chi_1_1=  0.184000000000000E+00  0.458890254087240E+02  0.149505359999695E+00
     chi_1_1=  0.185000000000000E+00  0.459265431210630E+02  0.150730225584826E+00
     chi_1_1=  0.186000000000000E+00  0.459643679846645E+02  0.151963813067166E+00
     chi_1_1=  0.187000000000000E+00  0.460025021920952E+02  0.153206238013323E+00
     chi_1_1=  0.188000000000000E+00  0.460409479649870E+02  0.154457617743759E+00
     chi_1_1=  0.189000000000000E+00  0.460797075544791E+02  0.155718071366890E+00
     chi_1_1=  0.190000000000000E+00  0.461187832416675E+02  0.156987719813929E+00
     chi_1_1=  0.191000000000000E+00  0.461581773380646E+02  0.158266685874534E+00
     chi_1_1=  0.192000000000000E+00  0.461978921860670E+02  0.159555094233241E+00
     chi_1_1=  0.193000000000000E+00  0.462379301594333E+02  0.160853071506741E+00
     chi_1_1=  0.194000000000000E+00  0.462782936637698E+02  0.162160746281986E+00
     chi_1_1=  0.195000000000000E+00  0.463189851370277E+02  0.163478249155176E+00
     chi_1_1=  0.196000000000000E+00  0.463600070500084E+02  0.164805712771635E+00
     chi_1_1=  0.197000000000000E+00  0.464013619068802E+02  0.166143271866605E+00
     chi_1_1=  0.198000000000000E+00  0.464430522457043E+02  0.167491063306972E+00
     chi_1_1=  0.199000000000000E+00  0.464850806389724E+02  0.168849226133970E+00
     chi_1_1=  0.200000000000000E+00  0.465274496941529E+02  0.170217901606864E+00
     chi_1_1=  0.201000000000000E+00  0.465701620542516E+02  0.171597233247662E+00
     chi_1_1=  0.202000000000000E+00  0.466132203983799E+02  0.172987366886865E+00
     chi_1_1=  0.203000000000000E+00  0.466566274423375E+02  0.174388450710291E+00
     chi_1_1=  0.204000000000000E+00  0.467003859392052E+02  0.175800635307006E+00
     chi_1_1=  0.205000000000000E+00  0.467444986799501E+02  0.177224073718382E+00
     chi_1_1=  0.206000000000000E+00  0.467889684940436E+02  0.178658921488326E+00
     chi_1_1=  0.207000000000000E+00  0.468337982500920E+02  0.180105336714699E+00
     chi_1_1=  0.208000000000000E+00  0.468789908564800E+02  0.181563480101969E+00
     chi_1_1=  0.209000000000000E+00  0.469245492620264E+02  0.183033515015117E+00
     chi_1_1=  0.210000000000000E+00  0.469704764566553E+02  0.184515607534849E+00
     chi_1_1=  0.211000000000000E+00  0.470167754720801E+02  0.186009926514146E+00
     chi_1_1=  0.212000000000000E+00  0.470634493825016E+02  0.187516643636164E+00
     chi_1_1=  0.213000000000000E+00  0.471105013053212E+02  0.189035933473575E+00
     chi_1_1=  0.214000000000000E+00  0.471579344018692E+02  0.190567973549327E+00
     chi_1_1=  0.215000000000000E+00  0.472057518781474E+02  0.192112944398911E+00
     chi_1_1=  0.216000000000000E+00  0.472539569855888E+02  0.193671029634154E+00
     chi_1_1=  0.217000000000000E+00  0.473025530218321E+02  0.195242416008587E+00
     chi_1_1=  0.218000000000000E+00  0.473515433315140E+02  0.196827293484441E+00
     chi_1_1=  0.219000000000000E+00  0.474009313070769E+02  0.198425855301295E+00
     chi_1_1=  0.220000000000000E+00  0.474507203895949E+02  0.200038298046454E+00
     chi_1_1=  0.221000000000000E+00  0.475009140696181E+02  0.201664821727081E+00
     chi_1_1=  0.222000000000000E+00  0.475515158880326E+02  0.203305629844146E+00
     chi_1_1=  0.223000000000000E+00  0.476025294369429E+02  0.204960929468245E+00
     chi_1_1=  0.224000000000000E+00  0.476539583605698E+02  0.206630931317340E+00
     chi_1_1=  0.225000000000000E+00  0.477058063561705E+02  0.208315849836478E+00
     chi_1_1=  0.226000000000000E+00  0.477580771749771E+02  0.210015903279540E+00
     chi_1_1=  0.227000000000000E+00  0.478107746231563E+02  0.211731313793092E+00
     chi_1_1=  0.228000000000000E+00  0.478639025627915E+02  0.213462307502402E+00
     chi_1_1=  0.229000000000000E+00  0.479174649128841E+02  0.215209114599656E+00
     chi_1_1=  0.230000000000000E+00  0.479714656503793E+02  0.216971969434492E+00
     chi_1_1=  0.231000000000000E+00  0.480259088112131E+02  0.218751110606864E+00
     chi_1_1=  0.232000000000000E+00  0.480807984913846E+02  0.220546781062351E+00
     chi_1_1=  0.233000000000000E+00  0.481361388480496E+02  0.222359228189960E+00
     chi_1_1=  0.234000000000000E+00  0.481919341006418E+02  0.224188703922507E+00
     chi_1_1=  0.235000000000000E+00  0.482481885320174E+02  0.226035464839648E+00
     chi_1_1=  0.236000000000000E+00  0.483049064896261E+02  0.227899772273650E+00
     chi_1_1=  0.237000000000000E+00  0.483620923867095E+02  0.229781892417984E+00
     chi_1_1=  0.238000000000000E+00  0.484197507035260E+02  0.231682096438819E+00
     chi_1_1=  0.239000000000000E+00  0.484778859886040E+02  0.233600660589500E+00
     chi_1_1=  0.240000000000000E+00  0.485365028600244E+02  0.235537866328142E+00
     chi_1_1=  0.241000000000000E+00  0.485956060067330E+02  0.237494000438378E+00
     chi_1_1=  0.242000000000000E+00  0.486552001898812E+02  0.239469355153412E+00
     chi_1_1=  0.243000000000000E+00  0.487152902442020E+02  0.241464228283438E+00
     chi_1_1=  0.244000000000000E+00  0.487758810794135E+02  0.243478923346574E+00
     chi_1_1=  0.245000000000000E+00  0.488369776816592E+02  0.245513749703372E+00
     chi_1_1=  0.246000000000000E+00  0.488985851149810E+02  0.247569022695075E+00
     chi_1_1=  0.247000000000000E+00  0.489607085228254E+02  0.249645063785676E+00
     chi_1_1=  0.248000000000000E+00  0.490233531295879E+02  0.251742200707957E+00
     chi_1_1=  0.249000000000000E+00  0.490865242421941E+02  0.253860767613614E+00
     chi_1_1=  0.250000000000000E+00  0.491502272517157E+02  0.256001105227567E+00
     chi_1_1=  0.251000000000000E+00  0.492144676350303E+02  0.258163561006669E+00
     chi_1_1=  0.252000000000000E+00  0.492792509565165E+02  0.260348489302863E+00
     chi_1_1=  0.253000000000000E+00  0.493445828697937E+02  0.262556251531011E+00
     chi_1_1=  0.254000000000000E+00  0.494104691195017E+02  0.264787216341495E+00
     chi_1_1=  0.255000000000000E+00  0.494769155431253E+02  0.267041759797770E+00
     chi_1_1=  0.256000000000000E+00  0.495439280728641E+02  0.269320265559046E+00
     chi_1_1=  0.257000000000000E+00  0.496115127375465E+02  0.271623125068224E+00
     chi_1_1=  0.258000000000000E+00  0.496796756645929E+02  0.273950737745312E+00
     chi_1_1=  0.259000000000000E+00  0.497484230820275E+02  0.276303511186466E+00
     chi_1_1=  0.260000000000000E+00  0.498177613205387E+02  0.278681861368873E+00
     chi_1_1=  0.261000000000000E+00  0.498876968155936E+02  0.281086212861646E+00
     chi_1_1=  0.262000000000000E+00  0.499582361096034E+02  0.283516999042956E+00
     chi_1_1=  0.263000000000000E+00  0.500293858541465E+02  0.285974662323609E+00
     chi_1_1=  0.264000000000000E+00  0.501011528122447E+02  0.288459654377273E+00
     chi_1_1=  0.265000000000000E+00  0.501735438606985E+02  0.290972436377596E+00
     chi_1_1=  0.266000000000000E+00  0.502465659924852E+02  0.293513479242465E+00
     chi_1_1=  0.267000000000000E+00  0.503202263192142E+02  0.296083263885623E+00
     chi_1_1=  0.268000000000000E+00  0.503945320736485E+02  0.298682281475913E+00
     chi_1_1=  0.269000000000000E+00  0.504694906122911E+02  0.301311033704430E+00
     chi_1_1=  0.270000000000000E+00  0.505451094180382E+02  0.303970033059840E+00
     chi_1_1=  0.271000000000000E+00  0.506213961029033E+02  0.306659803112143E+00
     chi_1_1=  0.272000000000000E+00  0.506983584108112E+02  0.309380878805228E+00
     chi_1_1=  0.273000000000000E+00  0.507760042204666E+02  0.312133806758461E+00
     chi_1_1=  0.274000000000000E+00  0.508543415482999E+02  0.314919145577695E+00
     chi_1_1=  0.275000000000000E+00  0.509333785514894E+02  0.317737466175985E+00
     chi_1_1=  0.276000000000000E+00  0.510131235310658E+02  0.320589352104404E+00
     chi_1_1=  0.277000000000000E+00  0.510935849351005E+02  0.323475399893290E+00
     chi_1_1=  0.278000000000000E+00  0.511747713619785E+02  0.326396219404325E+00
     chi_1_1=  0.279000000000000E+00  0.512566915637621E+02  0.329352434193822E+00
     chi_1_1=  0.280000000000000E+00  0.513393544496449E+02  0.332344681887652E+00
     chi_1_1=  0.281000000000000E+00  0.514227690895011E+02  0.335373614568233E+00
     chi_1_1=  0.282000000000000E+00  0.515069447175317E+02  0.338439899173997E+00
     chi_1_1=  0.283000000000000E+00  0.515918907360134E+02  0.341544217911866E+00
     chi_1_1=  0.284000000000000E+00  0.516776167191489E+02  0.344687268683151E+00
     chi_1_1=  0.285000000000000E+00  0.517641324170273E+02  0.347869765523415E+00
     chi_1_1=  0.286000000000000E+00  0.518514477596940E+02  0.351092439056838E+00
     chi_1_1=  0.287000000000000E+00  0.519395728613356E+02  0.354356036965587E+00
     chi_1_1=  0.288000000000000E+00  0.520285180245838E+02  0.357661324474824E+00
     chi_1_1=  0.289000000000000E+00  0.521182937449415E+02  0.361009084853881E+00
     chi_1_1=  0.290000000000000E+00  0.522089107153345E+02  0.364400119934307E+00
     chi_1_1=  0.291000000000000E+00  0.523003798307960E+02  0.367835250645333E+00
     chi_1_1=  0.292000000000000E+00  0.523927121932841E+02  0.371315317567537E+00
     chi_1_1=  0.293000000000000E+00  0.524859191166411E+02  0.374841181505361E+00
     chi_1_1=  0.294000000000000E+00  0.525800121316955E+02  0.378413724079201E+00
     chi_1_1=  0.295000000000000E+00  0.526750029915144E+02  0.382033848337911E+00
     chi_1_1=  0.296000000000000E+00  0.527709036768118E+02  0.385702479392451E+00
     chi_1_1=  0.297000000000000E+00  0.528677264015136E+02  0.389420565071588E+00
     chi_1_1=  0.298000000000000E+00  0.529654836184921E+02  0.393189076600470E+00
     chi_1_1=  0.299000000000000E+00  0.530641880254684E+02  0.397009009303034E+00
     chi_1_1=  0.300000000000000E+00  0.531638525710948E+02  0.400881383329218E+00
     chi_1_1=  0.301000000000000E+00  0.532644904612195E+02  0.404807244407930E+00
     chi_1_1=  0.302000000000000E+00  0.533661151653411E+02  0.408787664626893E+00
     chi_1_1=  0.303000000000000E+00  0.534687404232611E+02  0.412823743240402E+00
     chi_1_1=  0.304000000000000E+00  0.535723802519397E+02  0.416916607506209E+00
     chi_1_1=  0.305000000000000E+00  0.536770489525630E+02  0.421067413552685E+00
     chi_1_1=  0.306000000000000E+00  0.537827611178301E+02  0.425277347277573E+00
     chi_1_1=  0.307000000000000E+00  0.538895316394649E+02  0.429547625279598E+00
     chi_1_1=  0.308000000000000E+00  0.539973757159659E+02  0.433879495824377E+00
     chi_1_1=  0.309000000000000E+00  0.541063088605978E+02  0.438274239846021E+00
     chi_1_1=  0.310000000000000E+00  0.542163469096372E+02  0.442733171986009E+00
     chi_1_1=  0.311000000000000E+00  0.543275060308806E+02  0.447257641670886E+00
     chi_1_1=  0.312000000000000E+00  0.544398027324239E+02  0.451849034230454E+00
     chi_1_1=  0.313000000000000E+00  0.545532538717249E+02  0.456508772058243E+00
     chi_1_1=  0.314000000000000E+00  0.546678766649585E+02  0.461238315816055E+00
     chi_1_1=  0.315000000000000E+00  0.547836886966763E+02  0.466039165684559E+00
     chi_1_1=  0.316000000000000E+00  0.549007079297825E+02  0.470912862661901E+00
     chi_1_1=  0.317000000000000E+00  0.550189527158364E+02  0.475860989912503E+00
     chi_1_1=  0.318000000000000E+00  0.551384418056976E+02  0.480885174168279E+00
     chi_1_1=  0.319000000000000E+00  0.552591943605226E+02  0.485987087184550E+00
     chi_1_1=  0.320000000000000E+00  0.553812299631313E+02  0.491168447253215E+00
     chi_1_1=  0.321000000000000E+00  0.555045686297548E+02  0.496431020775673E+00
     chi_1_1=  0.322000000000000E+00  0.556292308221794E+02  0.501776623898292E+00
     chi_1_1=  0.323000000000000E+00  0.557552374603069E+02  0.507207124213228E+00
     chi_1_1=  0.324000000000000E+00  0.558826099351398E+02  0.512724442527606E+00
     chi_1_1=  0.325000000000000E+00  0.560113701222170E+02  0.518330554704285E+00
     chi_1_1=  0.326000000000000E+00  0.561415403955133E+02  0.524027493577454E+00
     chi_1_1=  0.327000000000000E+00  0.562731436418226E+02  0.529817350946627E+00
     chi_1_1=  0.328000000000000E+00  0.564062032756439E+02  0.535702279652704E+00
     chi_1_1=  0.329000000000000E+00  0.565407432545940E+02  0.541684495739954E+00
     chi_1_1=  0.330000000000000E+00  0.566767880953627E+02  0.547766280708102E+00
     chi_1_1=  0.331000000000000E+00  0.568143628902408E+02  0.553949983858744E+00
     chi_1_1=  0.332000000000000E+00  0.569534933242378E+02  0.560238024740685E+00
     chi_1_1=  0.333000000000000E+00  0.570942056928177E+02  0.566632895699019E+00
     chi_1_1=  0.334000000000000E+00  0.572365269202796E+02  0.573137164532965E+00
     chi_1_1=  0.335000000000000E+00  0.573804845788089E+02  0.579753477267853E+00
     chi_1_1=  0.336000000000000E+00  0.575261069082290E+02  0.586484561046874E+00
     chi_1_1=  0.337000000000000E+00  0.576734228364825E+02  0.593333227148538E+00
     chi_1_1=  0.338000000000000E+00  0.578224620008749E+02  0.600302374136197E+00
     chi_1_1=  0.339000000000000E+00  0.579732547701143E+02  0.607394991146177E+00
     chi_1_1=  0.340000000000000E+00  0.581258322671807E+02  0.614614161321671E+00
     chi_1_1=  0.341000000000000E+00  0.582802263930637E+02  0.621963065399731E+00
     chi_1_1=  0.342000000000000E+00  0.584364698514035E+02  0.629444985459246E+00
     chi_1_1=  0.343000000000000E+00  0.585945961740814E+02  0.637063308838276E+00
     chi_1_1=  0.344000000000000E+00  0.587546397477990E+02  0.644821532229498E+00
     chi_1_1=  0.345000000000000E+00  0.589166358416893E+02  0.652723265963052E+00
     chi_1_1=  0.346000000000000E+00  0.590806206360123E+02  0.660772238486796E+00
     chi_1_1=  0.347000000000000E+00  0.592466312519800E+02  0.668972301054310E+00
     chi_1_1=  0.348000000000000E+00  0.594147057827668E+02  0.677327432631826E+00
     chi_1_1=  0.349000000000000E+00  0.595848833257576E+02  0.685841745035804E+00
     chi_1_1=  0.350000000000000E+00  0.597572040160931E+02  0.694519488313696E+00
     chi_1_1=  0.351000000000000E+00  0.599317090615760E+02  0.703365056381118E+00
     chi_1_1=  0.352000000000000E+00  0.601084407789973E+02  0.712382992929490E+00
     chi_1_1=  0.353000000000000E+00  0.602874426319577E+02  0.721577997619172E+00
     chi_1_1=  0.354000000000000E+00  0.604687592702487E+02  0.730954932573846E+00
     chi_1_1=  0.355000000000000E+00  0.606524365708780E+02  0.740518829193195E+00
     chi_1_1=  0.356000000000000E+00  0.608385216808101E+02  0.750274895301696E+00
     chi_1_1=  0.357000000000000E+00  0.610270630615170E+02  0.760228522652766E+00
     chi_1_1=  0.358000000000000E+00  0.612181105354170E+02  0.770385294808435E+00
     chi_1_1=  0.359000000000000E+00  0.614117153343085E+02  0.780750995416435E+00
     chi_1_1=  0.360000000000000E+00  0.616079301498900E+02  0.791331616907578E+00
     chi_1_1=  0.361000000000000E+00  0.618068091864770E+02  0.802133369638168E+00
     chi_1_1=  0.362000000000000E+00  0.620084082160241E+02  0.813162691503511E+00
     chi_1_1=  0.363000000000000E+00  0.622127846355770E+02  0.824426258050778E+00
     chi_1_1=  0.364000000000000E+00  0.624199975272744E+02  0.835930993120797E+00
     chi_1_1=  0.365000000000000E+00  0.626301077210366E+02  0.847684080050871E+00
     chi_1_1=  0.366000000000000E+00  0.628431778600805E+02  0.859692973472600E+00
     chi_1_1=  0.367000000000000E+00  0.630592724694124E+02  0.871965411741233E+00
     chi_1_1=  0.368000000000000E+00  0.632784580274568E+02  0.884509430035344E+00
     chi_1_1=  0.369000000000000E+00  0.635008030409919E+02  0.897333374168761E+00
     chi_1_1=  0.370000000000000E+00  0.637263781235649E+02  0.910445915159040E+00
     chi_1_1=  0.371000000000000E+00  0.639552560775900E+02  0.923856064600648E+00
     chi_1_1=  0.372000000000000E+00  0.641875119803183E+02  0.937573190893817E+00
     chi_1_1=  0.373000000000000E+00  0.644232232739043E+02  0.951607036384007E+00
     chi_1_1=  0.374000000000000E+00  0.646624698597941E+02  0.965967735471081E+00
     chi_1_1=  0.375000000000000E+00  0.649053341976823E+02  0.980665833751219E+00
     chi_1_1=  0.376000000000000E+00  0.651519014092928E+02  0.995712308259636E+00
     chi_1_1=  0.377000000000000E+00  0.654022593872693E+02  0.101111858888708E+01
     chi_1_1=  0.378000000000000E+00  0.656564989094593E+02  0.102689658104852E+01
     chi_1_1=  0.379000000000000E+00  0.659147137589177E+02  0.104305868968858E+01
     chi_1_1=  0.380000000000000E+00  0.661770008499599E+02  0.105961784471464E+01
     chi_1_1=  0.381000000000000E+00  0.664434603606240E+02  0.107658752795531E+01
     chi_1_1=  0.382000000000000E+00  0.667141958719298E+02  0.109398180175028E+01
     chi_1_1=  0.383000000000000E+00  0.669893145143405E+02  0.111181533928485E+01
     chi_1_1=  0.384000000000000E+00  0.672689271218677E+02  0.113010345679257E+01
     chi_1_1=  0.385000000000000E+00  0.675531483942892E+02  0.114886214775820E+01
     chi_1_1=  0.386000000000000E+00  0.678420970679813E+02  0.116810811926478E+01
     chi_1_1=  0.387000000000000E+00  0.681358960959080E+02  0.118785883063966E+01
     chi_1_1=  0.388000000000000E+00  0.684346728373365E+02  0.120813253456736E+01
     chi_1_1=  0.389000000000000E+00  0.687385592579121E+02  0.122894832085120E+01
     chi_1_1=  0.390000000000000E+00  0.690476921407406E+02  0.125032616302028E+01
     chi_1_1=  0.391000000000000E+00  0.693622133092069E+02  0.127228696799572E+01
     chi_1_1=  0.392000000000000E+00  0.696822698622908E+02  0.129485262904784E+01
     chi_1_1=  0.393000000000000E+00  0.700080144232050E+02  0.131804608229598E+01
     chi_1_1=  0.394000000000000E+00  0.703396054022478E+02  0.134189136702482E+01
     chi_1_1=  0.395000000000000E+00  0.706772072748235E+02  0.136641369011452E+01
     chi_1_1=  0.396000000000000E+00  0.710209908756633E+02  0.139163949490908E+01
     chi_1_1=  0.397000000000000E+00  0.713711337103613E+02  0.141759653487585E+01
     chi_1_1=  0.398000000000000E+00  0.717278202854185E+02  0.144431395244114E+01
     chi_1_1=  0.399000000000000E+00  0.720912424580994E+02  0.147182236342209E+01
     chi_1_1=  0.400000000000000E+00  0.724615998074958E+02  0.150015394751385E+01
     chi_1_1=  0.401000000000000E+00  0.728391000283138E+02  0.152934254533383E+01
     chi_1_1=  0.402000000000000E+00  0.732239593490300E+02  0.155942376257188E+01
     chi_1_1=  0.403000000000000E+00  0.736164029761795E+02  0.159043508184771E+01
     chi_1_1=  0.404000000000000E+00  0.740166655667179E+02  0.162241598293515E+01
     chi_1_1=  0.405000000000000E+00  0.744249917305341E+02  0.165540807207567E+01
     chi_1_1=  0.406000000000000E+00  0.748416365653891E+02  0.168945522117670E+01
     chi_1_1=  0.407000000000000E+00  0.752668662267458E+02  0.172460371776739E+01
     chi_1_1=  0.408000000000000E+00  0.757009585351699E+02  0.176090242667324E+01
     chi_1_1=  0.409000000000000E+00  0.761442036242260E+02  0.179840296446903E+01
     chi_1_1=  0.410000000000000E+00  0.765969046320502E+02  0.183715988787751E+01
     chi_1_1=  0.411000000000000E+00  0.770593784400674E+02  0.187723089740361E+01
     chi_1_1=  0.412000000000000E+00  0.775319564626496E+02  0.191867705762938E+01
     chi_1_1=  0.413000000000000E+00  0.780149854918510E+02  0.196156303574659E+01
     chi_1_1=  0.414000000000000E+00  0.785088286017506E+02  0.200595736007401E+01
     chi_1_1=  0.415000000000000E+00  0.790138661173719E+02  0.205193270049712E+01
     chi_1_1=  0.416000000000000E+00  0.795304966535997E+02  0.209956617298155E+01
     chi_1_1=  0.417000000000000E+00  0.800591382300820E+02  0.214893967055262E+01
     chi_1_1=  0.418000000000000E+00  0.806002294686516E+02  0.220014022340401E+01
     chi_1_1=  0.419000000000000E+00  0.811542308804841E+02  0.225326039110313E+01
     chi_1_1=  0.420000000000000E+00  0.817216262509264E+02  0.230839869020759E+01
     chi_1_1=  0.421000000000000E+00  0.823029241307324E+02  0.236566006099382E+01
     chi_1_1=  0.422000000000000E+00  0.828986594433623E+02  0.242515637744344E+01
     chi_1_1=  0.423000000000000E+00  0.835093952189961E+02  0.248700700513131E+01
     chi_1_1=  0.424000000000000E+00  0.841357244670615E+02  0.255133941222937E+01
     chi_1_1=  0.425000000000000E+00  0.847782722003219E+02  0.261828983948656E+01
     chi_1_1=  0.426000000000000E+00  0.854376976250154E+02  0.268800403578371E+01
     chi_1_1=  0.427000000000000E+00  0.861146965131124E+02  0.276063806670375E+01
     chi_1_1=  0.428000000000000E+00  0.868100037745818E+02  0.283635920452162E+01
     chi_1_1=  0.429000000000000E+00  0.875243962495643E+02  0.291534690912236E+01
     chi_1_1=  0.430000000000000E+00  0.882586957426467E+02  0.299779391062226E+01
     chi_1_1=  0.431000000000000E+00  0.890137723240356E+02  0.308390740592825E+01
     chi_1_1=  0.432000000000000E+00  0.897905479253341E+02  0.317391038314822E+01
     chi_1_1=  0.433000000000000E+00  0.905900002609816E+02  0.326804308970887E+01
     chi_1_1=  0.434000000000000E+00  0.914131671101823E+02  0.336656466228142E+01
     chi_1_1=  0.435000000000000E+00  0.922611509984553E+02  0.346975493922243E+01
     chi_1_1=  0.436000000000000E+00  0.931351243228605E+02  0.357791647926432E+01
     chi_1_1=  0.437000000000000E+00  0.940363349705623E+02  0.369137681371979E+01
     chi_1_1=  0.438000000000000E+00  0.949661124868133E+02  0.381049096358363E+01
     chi_1_1=  0.439000000000000E+00  0.959258748558302E+02  0.393564425773999E+01
     chi_1_1=  0.440000000000000E+00  0.969171359664871E+02  0.406725549414465E+01
     chi_1_1=  0.441000000000000E+00  0.979415138445298E+02  0.420578049251239E+01
     chi_1_1=  0.442000000000000E+00  0.990007397442747E+02  0.435171609489975E+01
     chi_1_1=  0.443000000000000E+00  0.100096668205791E+03  0.450560467986960E+01
     chi_1_1=  0.444000000000000E+00  0.101231288198666E+03  0.466803926695515E+01
     chi_1_1=  0.445000000000000E+00  0.102406735491028E+03  0.483966930126653E+01
     chi_1_1=  0.446000000000000E+00  0.103625306402943E+03  0.502120722374824E+01
     chi_1_1=  0.447000000000000E+00  0.104889473127163E+03  0.521343595135146E+01
     chi_1_1=  0.448000000000000E+00  0.106201900828173E+03  0.541721741391564E+01
     chi_1_1=  0.449000000000000E+00  0.107565466763256E+03  0.563350232170613E+01
     chi_1_1=  0.450000000000000E+00  0.108983281707847E+03  0.586334137039811E+01
     chi_1_1=  0.451000000000000E+00  0.110458714012989E+03  0.610789813016283E+01
     chi_1_1=  0.452000000000000E+00  0.111995416676427E+03  0.636846391408379E+01
     chi_1_1=  0.453000000000000E+00  0.113597357872773E+03  0.664647498055233E+01
     chi_1_1=  0.454000000000000E+00  0.115268855463941E+03  0.694353249726032E+01
     chi_1_1=  0.455000000000000E+00  0.117014616101641E+03  0.726142578442091E+01
     chi_1_1=  0.456000000000000E+00  0.118839779641902E+03  0.760215946634089E+01
     chi_1_1=  0.457000000000000E+00  0.120749969721424E+03  0.796798529923114E+01
     chi_1_1=  0.458000000000000E+00  0.122751351501808E+03  0.836143961664362E+01
     chi_1_1=  0.459000000000000E+00  0.124850697776168E+03  0.878538755195340E+01
     chi_1_1=  0.460000000000000E+00  0.127055464860736E+03  0.924307547270286E+01
     chi_1_1=  0.461000000000000E+00  0.129373879970940E+03  0.973819341137574E+01
     chi_1_1=  0.462000000000000E+00  0.131815042118322E+03  0.102749497238485E+02
     chi_1_1=  0.463000000000000E+00  0.134389038975818E+03  0.108581607806011E+02
     chi_1_1=  0.464000000000000E+00  0.137107082661797E+03  0.114933592375423E+02
     chi_1_1=  0.465000000000000E+00  0.139981668009660E+03  0.121869253982853E+02
     chi_1_1=  0.466000000000000E+00  0.143026757646582E+03  0.129462474436567E+02
     chi_1_1=  0.467000000000000E+00  0.146257999135186E+03  0.137799179714080E+02
     chi_1_1=  0.468000000000000E+00  0.149692980574992E+03  0.146979765045262E+02
     chi_1_1=  0.469000000000000E+00  0.153351532464056E+03  0.157122105934572E+02
     chi_1_1=  0.470000000000000E+00  0.157256085338495E+03  0.168365321432064E+02
     chi_1_1=  0.471000000000000E+00  0.161432094796778E+03  0.180874510507347E+02
     chi_1_1=  0.472000000000000E+00  0.165908548030464E+03  0.194846757317996E+02
     chi_1_1=  0.473000000000000E+00  0.170718568957479E+03  0.210518805086247E+02
     chi_1_1=  0.474000000000000E+00  0.175900142467588E+03  0.228176943830148E+02
     chi_1_1=  0.475000000000000E+00  0.181496981999180E+03  0.248169863085623E+02
     chi_1_1=  0.476000000000000E+00  0.187559568273672E+03  0.270925515137787E+02
     chi_1_1=  0.477000000000000E+00  0.194146389606482E+03  0.296973459818978E+02
     chi_1_1=  0.478000000000000E+00  0.201325413866747E+03  0.326974784005204E+02
     chi_1_1=  0.479000000000000E+00  0.209175814959683E+03  0.361762608706796E+02
     chi_1_1=  0.480000000000000E+00  0.217789954849185E+03  0.402397571953863E+02
     chi_1_1=  0.481000000000000E+00  0.227275570136553E+03  0.450244754383963E+02
     chi_1_1=  0.482000000000000E+00  0.237757999295488E+03  0.507081686592143E+02
     chi_1_1=  0.483000000000000E+00  0.249382051304684E+03  0.575251953473039E+02
     chi_1_1=  0.484000000000000E+00  0.262312634348110E+03  0.657886428245071E+02
     chi_1_1=  0.485000000000000E+00  0.276732280514216E+03  0.759225696187443E+02
     chi_1_1=  0.486000000000000E+00  0.292831693866783E+03  0.885094520563261E+02
     chi_1_1=  0.487000000000000E+00  0.310785318993902E+03  0.104360365862093E+03
     chi_1_1=  0.488000000000000E+00  0.330695385071741E+03  0.124618369950675E+03
     chi_1_1=  0.489000000000000E+00  0.352470220255052E+03  0.150907218232267E+03
     chi_1_1=  0.490000000000000E+00  0.375566750346599E+03  0.185530746571404E+03
     chi_1_1=  0.491000000000000E+00  0.398458486238434E+03  0.231688808680722E+03
     chi_1_1=  0.492000000000000E+00  0.417581758776676E+03  0.293530423216748E+03
     chi_1_1=  0.493000000000000E+00  0.425451093162660E+03  0.375430184347788E+03
     chi_1_1=  0.494000000000000E+00  0.408152225053046E+03  0.478884273698829E+03
     chi_1_1=  0.495000000000000E+00  0.345212981529256E+03  0.594533650283212E+03
     chi_1_1=  0.496000000000000E+00  0.220859000866675E+03  0.691514606245833E+03
     chi_1_1=  0.497000000000000E+00  0.506850957110625E+02  0.724190373506332E+03
     chi_1_1=  0.498000000000000E+00  -.111481933083004E+03  0.673298999152266E+03
     chi_1_1=  0.499000000000000E+00  -.219082725428811E+03  0.569526163288602E+03
     chi_1_1=  0.500000000000000E+00  -.267136499467815E+03  0.457584016157904E+03
     chi_1_1=  0.501000000000000E+00  -.274743920302980E+03  0.362309580984625E+03
     chi_1_1=  0.502000000000000E+00  -.261086066239085E+03  0.289362210632901E+03
     chi_1_1=  0.503000000000000E+00  -.238219399054102E+03  0.236215186891028E+03
     chi_1_1=  0.504000000000000E+00  -.212448658799434E+03  0.198725890773247E+03
     chi_1_1=  0.505000000000000E+00  -.186848526802810E+03  0.173432973705879E+03
     chi_1_1=  0.506000000000000E+00  -.163042867728509E+03  0.158002783906527E+03
     chi_1_1=  0.507000000000000E+00  -.142339681022227E+03  0.151053801618457E+03
     chi_1_1=  0.508000000000000E+00  -.126557739367403E+03  0.151633926838834E+03
     chi_1_1=  0.509000000000000E+00  -.118526658229038E+03  0.158099649156762E+03
     chi_1_1=  0.510000000000000E+00  -.121325217992258E+03  0.166250963584329E+03
     chi_1_1=  0.511000000000000E+00  -.134796504108965E+03  0.168622000255669E+03
     chi_1_1=  0.512000000000000E+00  -.152080226413170E+03  0.159089660356772E+03
     chi_1_1=  0.513000000000000E+00  -.163941575657610E+03  0.139353255164047E+03
     chi_1_1=  0.514000000000000E+00  -.166747566469024E+03  0.116450792537740E+03
     chi_1_1=  0.515000000000000E+00  -.162505693070974E+03  0.957252174371510E+02
     chi_1_1=  0.516000000000000E+00  -.154487794011301E+03  0.789592530969560E+02
     chi_1_1=  0.517000000000000E+00  -.145024474236281E+03  0.659666591771579E+02
     chi_1_1=  0.518000000000000E+00  -.135379273385076E+03  0.559932326186528E+02
     chi_1_1=  0.519000000000000E+00  -.126145593711433E+03  0.482941604404502E+02
     chi_1_1=  0.520000000000000E+00  -.117566154831151E+03  0.422743292061386E+02
     chi_1_1=  0.521000000000000E+00  -.109707827994916E+03  0.374847575024020E+02
     chi_1_1=  0.522000000000000E+00  -.102547560917466E+03  0.335957263173576E+02
     chi_1_1=  0.523000000000000E+00  -.960211113175198E+02  0.303733013646638E+02
     chi_1_1=  0.524000000000000E+00  -.900534949678375E+02  0.276557145762126E+02
     chi_1_1=  0.525000000000000E+00  -.845742127499776E+02  0.253308982897069E+02
     chi_1_1=  0.526000000000000E+00  -.795221359308408E+02  0.233193312587252E+02
     chi_1_1=  0.527000000000000E+00  -.748456646663826E+02  0.215627599191995E+02
     chi_1_1=  0.528000000000000E+00  -.705014214597099E+02  0.200171930644173E+02
     chi_1_1=  0.529000000000000E+00  -.664527687770682E+02  0.186485454781967E+02
     chi_1_1=  0.530000000000000E+00  -.626685271494583E+02  0.174298514508908E+02
     chi_1_1=  0.531000000000000E+00  -.591219491879083E+02  0.163394161197352E+02
     chi_1_1=  0.532000000000000E+00  -.557899158442807E+02  0.153595434668085E+02
     chi_1_1=  0.533000000000000E+00  -.526523082525076E+02  0.144756334306634E+02
     chi_1_1=  0.534000000000000E+00  -.496915098176255E+02  0.136755246471773E+02
     chi_1_1=  0.535000000000000E+00  -.468920097231726E+02  0.129489984673360E+02
     chi_1_1=  0.536000000000000E+00  -.442400897031991E+02  0.122874096596631E+02
     chi_1_1=  0.537000000000000E+00  -.417235506662651E+02  0.116833972432993E+02
     chi_1_1=  0.538000000000000E+00  -.393315165730072E+02  0.111306459879969E+02
     chi_1_1=  0.539000000000000E+00  -.370542414442949E+02  0.106237364299245E+02
     chi_1_1=  0.540000000000000E+00  -.348829634345396E+02  0.101579515091625E+02
     chi_1_1=  0.541000000000000E+00  -.328098003393629E+02  0.972922836753340E+01
     chi_1_1=  0.542000000000000E+00  -.308275901742079E+02  0.933398064450211E+01
     chi_1_1=  0.543000000000000E+00  -.289298941966288E+02  0.896911569814129E+01
     chi_1_1=  0.544000000000000E+00  -.271107799201656E+02  0.863186411318600E+01
     chi_1_1=  0.545000000000000E+00  -.253649444135189E+02  0.831984882825265E+01
     chi_1_1=  0.546000000000000E+00  -.236874132178770E+02  0.803089079763991E+01
     chi_1_1=  0.547000000000000E+00  -.220737859718673E+02  0.776316864520312E+01
     chi_1_1=  0.548000000000000E+00  -.205198533490276E+02  0.751491470961432E+01
     chi_1_1=  0.549000000000000E+00  -.190219193828302E+02  0.728477158472209E+01
     chi_1_1=  0.550000000000000E+00  -.175764301331759E+02  0.707123949244107E+01
     chi_1_1=  0.551000000000000E+00  -.161801880131061E+02  0.687335885841194E+01
     chi_1_1=  0.552000000000000E+00  -.148302757061119E+02  0.668982510388494E+01
     chi_1_1=  0.553000000000000E+00  -.135237727054673E+02  0.651995091979655E+01
     chi_1_1=  0.554000000000000E+00  -.122584104017260E+02  0.636270516390926E+01
     chi_1_1=  0.555000000000000E+00  -.110314215499700E+02  0.621740671928726E+01
     chi_1_1=  0.556000000000000E+00  -.984102999673791E+01  0.608352719333755E+01
     chi_1_1=  0.557000000000000E+00  -.868481840903866E+01  0.596010671953460E+01
     chi_1_1=  0.558000000000000E+00  -.756100350736453E+01  0.584719036623341E+01
     chi_1_1=  0.559000000000000E+00  -.646800010366529E+01  0.574369548384822E+01
     chi_1_1=  0.560000000000000E+00  -.540354587156435E+01  0.564966913999023E+01
     chi_1_1=  0.561000000000000E+00  -.436689505432211E+01  0.556473079973571E+01
     chi_1_1=  0.562000000000000E+00  -.335582086155681E+01  0.548805196607501E+01
     chi_1_1=  0.563000000000000E+00  -.236923559686076E+01  0.542036015495973E+01
     chi_1_1=  0.564000000000000E+00  -.140629737701312E+01  0.536039883476533E+01
     chi_1_1=  0.565000000000000E+00  -.464650603264420E+00  0.530853504774907E+01
     chi_1_1=  0.566000000000000E+00  0.455513773795155E+00  0.526505563895216E+01
     chi_1_1=  0.567000000000000E+00  0.135600194981500E+01  0.522851454901051E+01
     chi_1_1=  0.568000000000000E+00  0.223830239921379E+01  0.520048158725528E+01
     chi_1_1=  0.569000000000000E+00  0.310168859612327E+01  0.518008848762981E+01
     chi_1_1=  0.570000000000000E+00  0.394896177822456E+01  0.516662625853728E+01
     chi_1_1=  0.571000000000000E+00  0.478014273101355E+01  0.516225391357090E+01
     chi_1_1=  0.572000000000000E+00  0.559479063309630E+01  0.516489065328872E+01
     chi_1_1=  0.573000000000000E+00  0.639628088922200E+01  0.517513200474298E+01
     chi_1_1=  0.574000000000000E+00  0.718304080223743E+01  0.519510479495599E+01
     chi_1_1=  0.575000000000000E+00  0.795540802307443E+01  0.522175101877691E+01
     chi_1_1=  0.576000000000000E+00  0.871693897475310E+01  0.525716704177596E+01
     chi_1_1=  0.577000000000000E+00  0.946451950347568E+01  0.530311508707863E+01
     chi_1_1=  0.578000000000000E+00  0.101994185809736E+02  0.535571599650671E+01
     chi_1_1=  0.579000000000000E+00  0.109252503071074E+02  0.541859246451693E+01
     chi_1_1=  0.580000000000000E+00  0.116373239634373E+02  0.549314383459823E+01
     chi_1_1=  0.581000000000000E+00  0.123377434525852E+02  0.557454557475206E+01
     chi_1_1=  0.582000000000000E+00  0.130304111885274E+02  0.566793357775299E+01
     chi_1_1=  0.583000000000000E+00  0.137088243292719E+02  0.577468388817058E+01
     chi_1_1=  0.584000000000000E+00  0.143755744101953E+02  0.588854621077434E+01
     chi_1_1=  0.585000000000000E+00  0.150354890558697E+02  0.601607912107883E+01
     chi_1_1=  0.586000000000000E+00  0.156798684726572E+02  0.615939126202298E+01
     chi_1_1=  0.587000000000000E+00  0.163110285569486E+02  0.630998881955269E+01
     chi_1_1=  0.588000000000000E+00  0.169358097032863E+02  0.647543127528618E+01
     chi_1_1=  0.589000000000000E+00  0.175430472065524E+02  0.665987959728178E+01
     chi_1_1=  0.590000000000000E+00  0.181332879111726E+02  0.685163378175291E+01
     chi_1_1=  0.591000000000000E+00  0.187168451416085E+02  0.705800482910505E+01
     chi_1_1=  0.592000000000000E+00  0.192805239152818E+02  0.728716027801399E+01
     chi_1_1=  0.593000000000000E+00  0.198205624682029E+02  0.752363805296624E+01
     chi_1_1=  0.594000000000000E+00  0.203521213169508E+02  0.777176671462545E+01
     chi_1_1=  0.595000000000000E+00  0.208620593844426E+02  0.804597268276188E+01
     chi_1_1=  0.596000000000000E+00  0.213388020931250E+02  0.832797083734675E+01
     chi_1_1=  0.597000000000000E+00  0.218024954426567E+02  0.861447298626756E+01
     chi_1_1=  0.598000000000000E+00  0.222447983665370E+02  0.892750238208692E+01
     chi_1_1=  0.599000000000000E+00  0.226430212977117E+02  0.924986973447138E+01
     chi_1_1=  0.600000000000000E+00  0.230193268970675E+02  0.956486876059914E+01
     chi_1_1=  0.601000000000000E+00  0.233776767770949E+02  0.990020544282191E+01
     chi_1_1=  0.602000000000000E+00  0.236840306839188E+02  0.102476331576418E+02
     chi_1_1=  0.603000000000000E+00  0.239547714247203E+02  0.105731042064053E+02
     chi_1_1=  0.604000000000000E+00  0.242139284438188E+02  0.109021512026017E+02
     chi_1_1=  0.605000000000000E+00  0.244229952316699E+02  0.112456916055564E+02
     chi_1_1=  0.606000000000000E+00  0.245806202165949E+02  0.115558090344173E+02
     chi_1_1=  0.607000000000000E+00  0.247326690078870E+02  0.118416251299817E+02
     chi_1_1=  0.608000000000000E+00  0.248524663968277E+02  0.121397165891622E+02
     chi_1_1=  0.609000000000000E+00  0.249106621735016E+02  0.124042142736661E+02
     chi_1_1=  0.610000000000000E+00  0.249628184830545E+02  0.126128286038248E+02
     chi_1_1=  0.611000000000000E+00  0.250151663896400E+02  0.128207988133826E+02
     chi_1_1=  0.612000000000000E+00  0.250129028914632E+02  0.130104912557611E+02
     chi_1_1=  0.613000000000000E+00  0.249934026286937E+02  0.131254127214026E+02
     chi_1_1=  0.614000000000000E+00  0.250069072994041E+02  0.132130474755089E+02
     chi_1_1=  0.615000000000000E+00  0.249977326536954E+02  0.133050728893447E+02
     chi_1_1=  0.616000000000000E+00  0.249553198098385E+02  0.133333970100948E+02
     chi_1_1=  0.617000000000000E+00  0.249566404061937E+02  0.133022758723042E+02
     chi_1_1=  0.618000000000000E+00  0.249848234518962E+02  0.132849144824809E+02
     chi_1_1=  0.619000000000000E+00  0.249780337847534E+02  0.132462538312246E+02
     chi_1_1=  0.620000000000000E+00  0.249917789642634E+02  0.131333334388987E+02
     chi_1_1=  0.621000000000000E+00  0.250717770396792E+02  0.130139540321203E+02
     chi_1_1=  0.622000000000000E+00  0.251468701355451E+02  0.129205510692676E+02
     chi_1_1=  0.623000000000000E+00  0.252042093764039E+02  0.127785355748811E+02
     chi_1_1=  0.624000000000000E+00  0.253241536650462E+02  0.125927856766578E+02
     chi_1_1=  0.625000000000000E+00  0.254902409873607E+02  0.124445277212883E+02
     chi_1_1=  0.626000000000000E+00  0.256280709310135E+02  0.123065109033074E+02
     chi_1_1=  0.627000000000000E+00  0.257794366362803E+02  0.121129615351009E+02
     chi_1_1=  0.628000000000000E+00  0.260040539058187E+02  0.119191402367829E+02
     chi_1_1=  0.629000000000000E+00  0.262396516464528E+02  0.117785452727456E+02
     chi_1_1=  0.630000000000000E+00  0.264428679751071E+02  0.116249221754689E+02
     chi_1_1=  0.631000000000000E+00  0.266858941026363E+02  0.114271597413609E+02
     chi_1_1=  0.632000000000000E+00  0.269900992783565E+02  0.112631740507379E+02
     chi_1_1=  0.633000000000000E+00  0.272759214633043E+02  0.111471493744964E+02
     chi_1_1=  0.634000000000000E+00  0.275378532825805E+02  0.110004255096356E+02
     chi_1_1=  0.635000000000000E+00  0.278544139463922E+02  0.108280473902421E+02
     chi_1_1=  0.636000000000000E+00  0.282121687756577E+02  0.107088733168849E+02
     chi_1_1=  0.637000000000000E+00  0.285334821282586E+02  0.106240591073609E+02
     chi_1_1=  0.638000000000000E+00  0.288431981302719E+02  0.104988004207958E+02
     chi_1_1=  0.639000000000000E+00  0.292133302276424E+02  0.103653279429194E+02
     chi_1_1=  0.640000000000000E+00  0.296059687407328E+02  0.102937524101950E+02
     chi_1_1=  0.641000000000000E+00  0.299528744496410E+02  0.102427652754377E+02
     chi_1_1=  0.642000000000000E+00  0.302991843585918E+02  0.101469509423916E+02
     chi_1_1=  0.643000000000000E+00  0.307071912854710E+02  0.100561296889490E+02
     chi_1_1=  0.644000000000000E+00  0.311237189147456E+02  0.100305156674252E+02
     chi_1_1=  0.645000000000000E+00  0.314898628601030E+02  0.100149600276271E+02
     chi_1_1=  0.646000000000000E+00  0.318632672001152E+02  0.995244652549072E+01
     chi_1_1=  0.647000000000000E+00  0.322986668013265E+02  0.990351817463818E+01
     chi_1_1=  0.648000000000000E+00  0.327337489783909E+02  0.992167605914217E+01
     chi_1_1=  0.649000000000000E+00  0.331152286402227E+02  0.994352300883958E+01
     chi_1_1=  0.650000000000000E+00  0.335082854508534E+02  0.991634716512529E+01
     chi_1_1=  0.651000000000000E+00  0.339646884330718E+02  0.990718331521366E+01
     chi_1_1=  0.652000000000000E+00  0.344166965287388E+02  0.996783993826136E+01
     chi_1_1=  0.653000000000000E+00  0.348113955940107E+02  0.100301531464956E+02
     chi_1_1=  0.654000000000000E+00  0.352182871041686E+02  0.100402950529437E+02
     chi_1_1=  0.655000000000000E+00  0.356917967553994E+02  0.100689728714061E+02
     chi_1_1=  0.656000000000000E+00  0.361613942927975E+02  0.101720854354378E+02
     chi_1_1=  0.657000000000000E+00  0.365686468937061E+02  0.102794718142207E+02
     chi_1_1=  0.658000000000000E+00  0.369845031954328E+02  0.103301847085272E+02
     chi_1_1=  0.659000000000000E+00  0.374721481590296E+02  0.103957687056161E+02
     chi_1_1=  0.660000000000000E+00  0.379612430610663E+02  0.105423389670163E+02
     chi_1_1=  0.661000000000000E+00  0.383817178047381E+02  0.107012000407913E+02
     chi_1_1=  0.662000000000000E+00  0.388020075968066E+02  0.107981236118160E+02
     chi_1_1=  0.663000000000000E+00  0.393002506839516E+02  0.109012244985320E+02
     chi_1_1=  0.664000000000000E+00  0.398109815780239E+02  0.110929079202047E+02
     chi_1_1=  0.665000000000000E+00  0.402466635475308E+02  0.113114212573726E+02
     chi_1_1=  0.666000000000000E+00  0.406668284049357E+02  0.114636124738121E+02
     chi_1_1=  0.667000000000000E+00  0.411700826079642E+02  0.116071147596613E+02
     chi_1_1=  0.668000000000000E+00  0.417034858071760E+02  0.118457911406303E+02
     chi_1_1=  0.669000000000000E+00  0.421575495272511E+02  0.121334677263198E+02
     chi_1_1=  0.670000000000000E+00  0.425729952490047E+02  0.123543006949712E+02
     chi_1_1=  0.671000000000000E+00  0.430721450594160E+02  0.125445233787186E+02
     chi_1_1=  0.672000000000000E+00  0.436261670891881E+02  0.128320140683695E+02
     chi_1_1=  0.673000000000000E+00  0.441023709321330E+02  0.131986478910406E+02
     chi_1_1=  0.674000000000000E+00  0.445088442263731E+02  0.135062717093736E+02
     chi_1_1=  0.675000000000000E+00  0.449899377411846E+02  0.137546665355607E+02
     chi_1_1=  0.676000000000000E+00  0.455565425542402E+02  0.140928707018572E+02
     chi_1_1=  0.677000000000000E+00  0.460575736045059E+02  0.145467538050851E+02
     chi_1_1=  0.678000000000000E+00  0.464517438389995E+02  0.149634777523996E+02
     chi_1_1=  0.679000000000000E+00  0.468952374063850E+02  0.152886452639623E+02
     chi_1_1=  0.680000000000000E+00  0.474565911882010E+02  0.156804302230932E+02
     chi_1_1=  0.681000000000000E+00  0.479806549465975E+02  0.162258787300811E+02
     chi_1_1=  0.682000000000000E+00  0.483603293557471E+02  0.167755687072434E+02
     chi_1_1=  0.683000000000000E+00  0.487414351333854E+02  0.172047487029419E+02
     chi_1_1=  0.684000000000000E+00  0.492656479357959E+02  0.176558155308131E+02
     chi_1_1=  0.685000000000000E+00  0.498007269486037E+02  0.182903182675206E+02
     chi_1_1=  0.686000000000000E+00  0.501636413145636E+02  0.189928239902581E+02
     chi_1_1=  0.687000000000000E+00  0.504542760288668E+02  0.195610672650169E+02
     chi_1_1=  0.688000000000001E+00  0.508920397870783E+02  0.200824905553738E+02
     chi_1_1=  0.689000000000001E+00  0.514079350095424E+02  0.207940611892375E+02
     chi_1_1=  0.690000000000001E+00  0.517478449031732E+02  0.216560886148694E+02
     chi_1_1=  0.691000000000001E+00  0.519202472195611E+02  0.224003495793397E+02
     chi_1_1=  0.692000000000001E+00  0.522049030781985E+02  0.230103300093440E+02
     chi_1_1=  0.693000000000001E+00  0.526447885123105E+02  0.237757996545213E+02
     chi_1_1=  0.694000000000001E+00  0.529442863648440E+02  0.247787169806798E+02
     chi_1_1=  0.695000000000001E+00  0.529756891811805E+02  0.257240158817267E+02
     chi_1_1=  0.696000000000001E+00  0.530303781177571E+02  0.264457378729252E+02
     chi_1_1=  0.697000000000001E+00  0.533063836333285E+02  0.272307335239896E+02
     chi_1_1=  0.698000000000001E+00  0.535281017980790E+02  0.283178064583889E+02
     chi_1_1=  0.699000000000001E+00  0.534055161222198E+02  0.294548488691074E+02
     chi_1_1=  0.700000000000001E+00  0.531610568652482E+02  0.303064698144366E+02
     chi_1_1=  0.701000000000001E+00  0.531617000269375E+02  0.310678619893042E+02
     chi_1_1=  0.702000000000001E+00  0.532431410113837E+02  0.321367168898079E+02
     chi_1_1=  0.703000000000001E+00  0.529677727752730E+02  0.333962355707790E+02
     chi_1_1=  0.704000000000001E+00  0.523919684442554E+02  0.343715966136981E+02
     chi_1_1=  0.705000000000001E+00  0.520100596672416E+02  0.350635866779437E+02
     chi_1_1=  0.706000000000001E+00  0.518700391695644E+02  0.359738727034102E+02
     chi_1_1=  0.707000000000001E+00  0.514608561196680E+02  0.372117908414651E+02
     chi_1_1=  0.708000000000001E+00  0.505920507348925E+02  0.382581587187640E+02
     chi_1_1=  0.709000000000001E+00  0.497742348895812E+02  0.388433546323287E+02
     chi_1_1=  0.710000000000001E+00  0.493363173818689E+02  0.394505444072946E+02
     chi_1_1=  0.711000000000001E+00  0.488292121049884E+02  0.404640356141060E+02
     chi_1_1=  0.712000000000001E+00  0.477946616493253E+02  0.414716474739223E+02
     chi_1_1=  0.713000000000001E+00  0.465951417400617E+02  0.419351611139064E+02
     chi_1_1=  0.714000000000001E+00  0.458229302572666E+02  0.421502561993515E+02
     chi_1_1=  0.715000000000001E+00  0.452580433594936E+02  0.427363854578350E+02
     chi_1_1=  0.716000000000001E+00  0.442506298160222E+02  0.435529708371844E+02
     chi_1_1=  0.717000000000001E+00  0.428532064497213E+02  0.439078623274183E+02
     chi_1_1=  0.718000000000001E+00  0.417817294705148E+02  0.437562644875014E+02
     chi_1_1=  0.719000000000001E+00  0.411784079527506E+02  0.437970167183873E+02
     chi_1_1=  0.720000000000001E+00  0.403821057093572E+02  0.442660801902107E+02
     chi_1_1=  0.721000000000001E+00  0.390599892612262E+02  0.445327394751405E+02
     chi_1_1=  0.722000000000001E+00  0.378099084159040E+02  0.441646936183733E+02
     chi_1_1=  0.723000000000001E+00  0.371503502648189E+02  0.436945260736920E+02
     chi_1_1=  0.724000000000001E+00  0.366478687858877E+02  0.437048777604610E+02
     chi_1_1=  0.725000000000001E+00  0.356655882316844E+02  0.438671090032903E+02
     chi_1_1=  0.726000000000001E+00  0.344360121465949E+02  0.434900490408900E+02
     chi_1_1=  0.727000000000001E+00  0.336887611085337E+02  0.427040278439304E+02
     chi_1_1=  0.728000000000001E+00  0.334153035844866E+02  0.422394120081483E+02
     chi_1_1=  0.729000000000001E+00  0.329154555270454E+02  0.422184355053081E+02
     chi_1_1=  0.730000000000001E+00  0.319457379041684E+02  0.419770730984684E+02
     chi_1_1=  0.731000000000001E+00  0.311309925110825E+02  0.411652423466274E+02
     chi_1_1=  0.732000000000001E+00  0.309165169469658E+02  0.403408717173898E+02
     chi_1_1=  0.733000000000001E+00  0.308510832623959E+02  0.400328630241403E+02
     chi_1_1=  0.734000000000001E+00  0.303369545303915E+02  0.399144894727657E+02
     chi_1_1=  0.735000000000001E+00  0.295840332370718E+02  0.393361599864464E+02
     chi_1_1=  0.736000000000001E+00  0.292699122902875E+02  0.383957730479268E+02
     chi_1_1=  0.737000000000001E+00  0.294222870086036E+02  0.377647952956791E+02
     chi_1_1=  0.738000000000001E+00  0.294086788027556E+02  0.376100346465421E+02
     chi_1_1=  0.739000000000001E+00  0.289307437235628E+02  0.373558641570257E+02
     chi_1_1=  0.740000000000001E+00  0.284983751677342E+02  0.365968426011200E+02
     chi_1_1=  0.741000000000001E+00  0.285989837199084E+02  0.357570824826171E+02
     chi_1_1=  0.742000000000001E+00  0.289272246832302E+02  0.353867379426206E+02
     chi_1_1=  0.743000000000001E+00  0.288883122604855E+02  0.353218500529642E+02
     chi_1_1=  0.744000000000001E+00  0.285075875828035E+02  0.349447100631754E+02
     chi_1_1=  0.745000000000001E+00  0.283973929130200E+02  0.341574342136743E+02
     chi_1_1=  0.746000000000001E+00  0.287716607861474E+02  0.335304972172206E+02
     chi_1_1=  0.747000000000001E+00  0.291383751555658E+02  0.333947684935955E+02
     chi_1_1=  0.748000000000001E+00  0.290579723568144E+02  0.333598258418060E+02
     chi_1_1=  0.749000000000001E+00  0.288122095344478E+02  0.329031762604227E+02
     chi_1_1=  0.750000000000001E+00  0.289696320554403E+02  0.321929251665073E+02
     chi_1_1=  0.751000000000001E+00  0.294907927609939E+02  0.318066910654359E+02
     chi_1_1=  0.752000000000001E+00  0.298193400360070E+02  0.318490175607465E+02
     chi_1_1=  0.753000000000001E+00  0.297095665543616E+02  0.318079760328538E+02
     chi_1_1=  0.754000000000001E+00  0.296085671830487E+02  0.313209720644412E+02
     chi_1_1=  0.755000000000001E+00  0.299636723303842E+02  0.307444824421134E+02
     chi_1_1=  0.756000000000001E+00  0.305403314250752E+02  0.305839221499072E+02
     chi_1_1=  0.757000000000001E+00  0.307967697216835E+02  0.307496615361156E+02
     chi_1_1=  0.758000000000001E+00  0.306757831168988E+02  0.306882455799343E+02
     chi_1_1=  0.759000000000001E+00  0.307098820821007E+02  0.302118110104719E+02
     chi_1_1=  0.760000000000001E+00  0.311988297992291E+02  0.297915749095263E+02
     chi_1_1=  0.761000000000001E+00  0.317723418643553E+02  0.298265762586578E+02
     chi_1_1=  0.762000000000001E+00  0.319463694409746E+02  0.300740573352038E+02
     chi_1_1=  0.763000000000001E+00  0.318281574311273E+02  0.299915263528760E+02
     chi_1_1=  0.764000000000001E+00  0.319779429281823E+02  0.295543574202894E+02
     chi_1_1=  0.765000000000001E+00  0.325499997322846E+02  0.292932131835264E+02
     chi_1_1=  0.766000000000001E+00  0.330851659723552E+02  0.294927883891354E+02
     chi_1_1=  0.767000000000001E+00  0.331768183827789E+02  0.297940531091096E+02
     chi_1_1=  0.768000000000001E+00  0.330683410255001E+02  0.296959144154866E+02
     chi_1_1=  0.769000000000001E+00  0.333113330908417E+02  0.293155372505504E+02
     chi_1_1=  0.770000000000001E+00  0.339286759386623E+02  0.292068528546070E+02
     chi_1_1=  0.771000000000001E+00  0.344048606972969E+02  0.295447793962347E+02
     chi_1_1=  0.772000000000001E+00  0.344167618215736E+02  0.298826686073679E+02
     chi_1_1=  0.773000000000001E+00  0.343183176053404E+02  0.297759141137568E+02
     chi_1_1=  0.774000000000001E+00  0.346324299256303E+02  0.294612362637399E+02
     chi_1_1=  0.775000000000001E+00  0.352673944646538E+02  0.294947462694220E+02
     chi_1_1=  0.776000000000001E+00  0.356719393370230E+02  0.299507635962911E+02
     chi_1_1=  0.777000000000001E+00  0.356053431369158E+02  0.303153493375916E+02
     chi_1_1=  0.778000000000001E+00  0.355118710972343E+02  0.302057612937228E+02
     chi_1_1=  0.779000000000001E+00  0.358766878158123E+02  0.299593945654122E+02
     chi_1_1=  0.780000000000001E+00  0.365086802212829E+02  0.301239303881129E+02
     chi_1_1=  0.781000000000001E+00  0.368325830895088E+02  0.306828888052675E+02
     chi_1_1=  0.782000000000001E+00  0.366856834260723E+02  0.310682943754707E+02
     chi_1_1=  0.783000000000001E+00  0.365880653878478E+02  0.309589937437724E+02
     chi_1_1=  0.784000000000001E+00  0.369849561348103E+02  0.307787666855010E+02
     chi_1_1=  0.785000000000001E+00  0.375978922727307E+02  0.310630036203971E+02
     chi_1_1=  0.786000000000001E+00  0.378332850461770E+02  0.317131537128202E+02
     chi_1_1=  0.787000000000001E+00  0.376008524905847E+02  0.321149600401088E+02
     chi_1_1=  0.788000000000001E+00  0.374870098162463E+02  0.320055559945980E+02
     chi_1_1=  0.789000000000001E+00  0.378988185321558E+02  0.318851662083957E+02
     chi_1_1=  0.790000000000001E+00  0.384793744906296E+02  0.322771529387500E+02
     chi_1_1=  0.791000000000001E+00  0.386184090536222E+02  0.330081185771440E+02
     chi_1_1=  0.792000000000001E+00  0.382923046738128E+02  0.334212955296990E+02
     chi_1_1=  0.793000000000001E+00  0.381482139933243E+02  0.333072872584171E+02
     chi_1_1=  0.794000000000001E+00  0.385590122466597E+02  0.332362643910185E+02
     chi_1_1=  0.795000000000001E+00  0.390957864700874E+02  0.337222417546783E+02
     chi_1_1=  0.796000000000001E+00  0.391307235814787E+02  0.345229603230939E+02
     chi_1_1=  0.797000000000001E+00  0.387011585366277E+02  0.349402835303154E+02
     chi_1_1=  0.798000000000001E+00  0.385120228566331E+02  0.348126433961121E+02
     chi_1_1=  0.799000000000001E+00  0.389072554456510E+02  0.347759144105444E+02
     chi_1_1=  0.800000000000001E+00  0.393909024196347E+02  0.353388369406276E+02
     chi_1_1=  0.801000000000001E+00  0.393153307687717E+02  0.361957322822051E+02
     chi_1_1=  0.802000000000001E+00  0.387728797061014E+02  0.366068011469499E+02
     chi_1_1=  0.803000000000001E+00  0.385246625644994E+02  0.364519162060087E+02
     chi_1_1=  0.804000000000001E+00  0.388918701512385E+02  0.364293834334828E+02
     chi_1_1=  0.805000000000001E+00  0.393162074027151E+02  0.370476029517730E+02
     chi_1_1=  0.806000000000001E+00  0.391273091789358E+02  0.379433689051240E+02
     chi_1_1=  0.807000000000001E+00  0.384656297019442E+02  0.383345304721440E+02
     chi_1_1=  0.808000000000001E+00  0.381469951015450E+02  0.381348750790753E+02
     chi_1_1=  0.809000000000001E+00  0.384770912706488E+02  0.381015327486217E+02
     chi_1_1=  0.810000000000001E+00  0.388409960596744E+02  0.387482018303825E+02
     chi_1_1=  0.811000000000001E+00  0.385425616764690E+02  0.396616863262367E+02
     chi_1_1=  0.812000000000001E+00  0.377615133064401E+02  0.400172679546952E+02
     chi_1_1=  0.813000000000001E+00  0.373659113738174E+02  0.397532415688483E+02
     chi_1_1=  0.814000000000001E+00  0.376546740859305E+02  0.396803744444844E+02
     chi_1_1=  0.815000000000001E+00  0.379642379167816E+02  0.403241258822169E+02
     chi_1_1=  0.816000000000001E+00  0.375697350922072E+02  0.412317364092512E+02
     chi_1_1=  0.817000000000001E+00  0.366782029783062E+02  0.415368335121429E+02
     chi_1_1=  0.818000000000001E+00  0.362054825763250E+02  0.411899968672242E+02
     chi_1_1=  0.819000000000001E+00  0.364545616402069E+02  0.410477817242896E+02
     chi_1_1=  0.820000000000001E+00  0.367245701055626E+02  0.416549595835039E+02
     chi_1_1=  0.821000000000001E+00  0.362591742982547E+02  0.425335916463794E+02
     chi_1_1=  0.822000000000001E+00  0.352766160901097E+02  0.427781333822115E+02
     chi_1_1=  0.823000000000001E+00  0.347333557461338E+02  0.423355500373778E+02
     chi_1_1=  0.824000000000001E+00  0.349499260766854E+02  0.420968498340764E+02
     chi_1_1=  0.825000000000001E+00  0.352035673550124E+02  0.426349512947215E+02
     chi_1_1=  0.826000000000001E+00  0.347040076260639E+02  0.434656952365751E+02
     chi_1_1=  0.827000000000001E+00  0.336598900764154E+02  0.436487448404209E+02
     chi_1_1=  0.828000000000001E+00  0.330579007133659E+02  0.431074539338401E+02
     chi_1_1=  0.829000000000001E+00  0.332523847888531E+02  0.427519340595486E+02
     chi_1_1=  0.830000000000001E+00  0.335184780013188E+02  0.431932125769678E+02
     chi_1_1=  0.831000000000001E+00  0.330301297983900E+02  0.439643942610417E+02
     chi_1_1=  0.832000000000001E+00  0.319611687382861E+02  0.440970807554817E+02
     chi_1_1=  0.833000000000001E+00  0.313144051911575E+02  0.434673259360290E+02
     chi_1_1=  0.834000000000001E+00  0.314964932420355E+02  0.429846665716996E+02
     chi_1_1=  0.835000000000001E+00  0.318044752522336E+02  0.433085541731284E+02
     chi_1_1=  0.836000000000001E+00  0.313762019970603E+02  0.440165904292891E+02
     chi_1_1=  0.837000000000001E+00  0.303223505646671E+02  0.441222346222478E+02
     chi_1_1=  0.838000000000001E+00  0.296433956708351E+02  0.434283585653672E+02
     chi_1_1=  0.839000000000001E+00  0.298175118178897E+02  0.428196593839183E+02
     chi_1_1=  0.840000000000001E+00  0.301914353543563E+02  0.430131577024746E+02
     chi_1_1=  0.841000000000001E+00  0.298696046046395E+02  0.436605332410679E+02
     chi_1_1=  0.842000000000001E+00  0.288703433175852E+02  0.437715019239365E+02
     chi_1_1=  0.843000000000001E+00  0.281680533419051E+02  0.430503143974201E+02
     chi_1_1=  0.844000000000001E+00  0.283298330005331E+02  0.423276734132693E+02
     chi_1_1=  0.845000000000001E+00  0.287830370888911E+02  0.423839242262648E+02
     chi_1_1=  0.846000000000001E+00  0.286062646208309E+02  0.429749074091739E+02
     chi_1_1=  0.847000000000001E+00  0.276984285239151E+02  0.431269403979686E+02
     chi_1_1=  0.848000000000001E+00  0.269779030730316E+02  0.424242767438984E+02
     chi_1_1=  0.849000000000001E+00  0.271128806222522E+02  0.416093714604834E+02
     chi_1_1=  0.850000000000001E+00  0.276445598214655E+02  0.415255436538853E+02
     chi_1_1=  0.851000000000001E+00  0.276400350872170E+02  0.420612345648448E+02
     chi_1_1=  0.852000000000001E+00  0.268573712685361E+02  0.422867029658204E+02
     chi_1_1=  0.853000000000001E+00  0.261224173459937E+02  0.416531958767635E+02
     chi_1_1=  0.854000000000001E+00  0.262072971089907E+02  0.407759361859626E+02
     chi_1_1=  0.855000000000001E+00  0.268013289439120E+02  0.405517895359664E+02
     chi_1_1=  0.856000000000001E+00  0.269826521613563E+02  0.410262275100972E+02
     chi_1_1=  0.857000000000001E+00  0.263562543108159E+02  0.413477479386947E+02
     chi_1_1=  0.858000000000001E+00  0.256135601959600E+02  0.408344580648881E+02
     chi_1_1=  0.859000000000001E+00  0.256197376147215E+02  0.399323524943808E+02
     chi_1_1=  0.860000000000001E+00  0.262454482668597E+02  0.395703779510119E+02
     chi_1_1=  0.861000000000001E+00  0.266113969366547E+02  0.399688688434383E+02
     chi_1_1=  0.862000000000001E+00  0.261697088912867E+02  0.403942504607626E+02
     chi_1_1=  0.863000000000001E+00  0.254334114856814E+02  0.400481736024263E+02
     chi_1_1=  0.864000000000001E+00  0.253321326388158E+02  0.391663104890935E+02
     chi_1_1=  0.865000000000001E+00  0.259464974985538E+02  0.386736345545274E+02
     chi_1_1=  0.866000000000001E+00  0.264802041188431E+02  0.389736781290311E+02
     chi_1_1=  0.867000000000001E+00  0.262475316446884E+02  0.394927755776000E+02
     chi_1_1=  0.868000000000001E+00  0.255427347206552E+02  0.393518797736130E+02
     chi_1_1=  0.869000000000001E+00  0.253113114032235E+02  0.385427574921206E+02
     chi_1_1=  0.870000000000001E+00  0.258623061953710E+02  0.379344205280533E+02
     chi_1_1=  0.871000000000001E+00  0.265307160750192E+02  0.381090089683383E+02
     chi_1_1=  0.872000000000001E+00  0.265238806444503E+02  0.386928655178970E+02
     chi_1_1=  0.873000000000001E+00  0.258877946355148E+02  0.387804672798696E+02
     chi_1_1=  0.874000000000001E+00  0.255163016649963E+02  0.381025076969728E+02
     chi_1_1=  0.875000000000001E+00  0.259474820172904E+02  0.374053743653580E+02
     chi_1_1=  0.876000000000001E+00  0.267013490760453E+02  0.374281161798449E+02
     chi_1_1=  0.877000000000001E+00  0.269249098638959E+02  0.380306774314085E+02
     chi_1_1=  0.878000000000001E+00  0.264045948173865E+02  0.383495815714250E+02
     chi_1_1=  0.879000000000001E+00  0.259022105199613E+02  0.378631099230328E+02
     chi_1_1=  0.880000000000001E+00  0.261588684710635E+02  0.371194094873918E+02
     chi_1_1=  0.881000000000001E+00  0.269337966540574E+02  0.369708531136804E+02
     chi_1_1=  0.882000000000001E+00  0.273748659995755E+02  0.375333280105324E+02
     chi_1_1=  0.883000000000001E+00  0.270211722920591E+02  0.380609226342767E+02
     chi_1_1=  0.884000000000001E+00  0.264207714408368E+02  0.378208087270676E+02
     chi_1_1=  0.885000000000001E+00  0.264580005954003E+02  0.370899762992299E+02
     chi_1_1=  0.886000000000001E+00  0.271771969783970E+02  0.367645231251982E+02
     chi_1_1=  0.887000000000001E+00  0.278011116476224E+02  0.372221440363651E+02
     chi_1_1=  0.888000000000001E+00  0.276593705909767E+02  0.379081207872202E+02
     chi_1_1=  0.889000000000001E+00  0.270184469214929E+02  0.379532795093864E+02
     chi_1_1=  0.890000000000001E+00  0.268109468274457E+02  0.373103962784523E+02
     chi_1_1=  0.891000000000001E+00  0.273905039323612E+02  0.368231043628455E+02
     chi_1_1=  0.892000000000001E+00  0.281385096263915E+02  0.371137458609751E+02
     chi_1_1=  0.893000000000001E+00  0.282375954287975E+02  0.378819383257272E+02
     chi_1_1=  0.894000000000001E+00  0.276336317750428E+02  0.382233981452094E+02
     chi_1_1=  0.895000000000001E+00  0.271859777103798E+02  0.377524327532417E+02
     chi_1_1=  0.896000000000001E+00  0.275435782348319E+02  0.371446103987608E+02
     chi_1_1=  0.897000000000001E+00  0.283334608157976E+02  0.372186123960956E+02
     chi_1_1=  0.898000000000001E+00  0.286755551376479E+02  0.379735961816351E+02
     chi_1_1=  0.899000000000001E+00  0.281950535902140E+02  0.385843245120275E+02
     chi_1_1=  0.900000000000001E+00  0.275496606220054E+02  0.383651293674977E+02
     chi_1_1=  0.901000000000001E+00  0.276172718648470E+02  0.377068383828941E+02
     chi_1_1=  0.902000000000001E+00  0.283478064012409E+02  0.375373615448759E+02
     chi_1_1=  0.903000000000001E+00  0.289011874712658E+02  0.381753758952274E+02
     chi_1_1=  0.904000000000001E+00  0.286236229751706E+02  0.389856159376691E+02
     chi_1_1=  0.905000000000001E+00  0.278625190379319E+02  0.390756585246847E+02
     chi_1_1=  0.906000000000001E+00  0.276024456763963E+02  0.384624193718570E+02
     chi_1_1=  0.907000000000001E+00  0.281626890971360E+02  0.380553946191162E+02
     chi_1_1=  0.908000000000001E+00  0.288592583915038E+02  0.384784175720191E+02
     chi_1_1=  0.909000000000001E+00  0.288393235768420E+02  0.393793333123531E+02
     chi_1_1=  0.910000000000001E+00  0.280762616430310E+02  0.397940860400372E+02
     chi_1_1=  0.911000000000001E+00  0.274976592345710E+02  0.393350564112190E+02
     chi_1_1=  0.912000000000001E+00  0.277820867223193E+02  0.387369199510780E+02
     chi_1_1=  0.913000000000001E+00  0.285206832883730E+02  0.388685563281893E+02
     chi_1_1=  0.914000000000001E+00  0.287731624676288E+02  0.397248251168882E+02
     chi_1_1=  0.915000000000001E+00  0.281351974639939E+02  0.404231503252964E+02
     chi_1_1=  0.916000000000001E+00  0.273054905781258E+02  0.402198867564736E+02
     chi_1_1=  0.917000000000001E+00  0.272349888313694E+02  0.395198935277087E+02
     chi_1_1=  0.918000000000001E+00  0.278912702792911E+02  0.393216676298835E+02
     chi_1_1=  0.919000000000001E+00  0.283822408131778E+02  0.399914371592824E+02
     chi_1_1=  0.920000000000001E+00  0.279838785786943E+02  0.408723856279748E+02
     chi_1_1=  0.921000000000001E+00  0.270282186123749E+02  0.409912863701839E+02
     chi_1_1=  0.922000000000001E+00  0.265743498199043E+02  0.403141359002127E+02
     chi_1_1=  0.923000000000001E+00  0.270179582992436E+02  0.398000721709254E+02
     chi_1_1=  0.924000000000001E+00  0.276644401559637E+02  0.401593610940326E+02
     chi_1_1=  0.925000000000001E+00  0.275807625428085E+02  0.410739028324023E+02
     chi_1_1=  0.926000000000001E+00  0.266646236038451E+02  0.415201271307043E+02
     chi_1_1=  0.927000000000001E+00  0.258706891678542E+02  0.410054467815510E+02
     chi_1_1=  0.928000000000001E+00  0.259897439295226E+02  0.402511632225199E+02
     chi_1_1=  0.929000000000001E+00  0.266685374155489E+02  0.402192736343864E+02
     chi_1_1=  0.930000000000001E+00  0.269145315040379E+02  0.409958640263724E+02
     chi_1_1=  0.931000000000001E+00  0.262101537805922E+02  0.416990230012266E+02
     chi_1_1=  0.932000000000001E+00  0.251993320856949E+02  0.414682048119936E+02
     chi_1_1=  0.933000000000001E+00  0.249300791982561E+02  0.406088498533993E+02
     chi_1_1=  0.934000000000001E+00  0.254958706095046E+02  0.401708777136761E+02
     chi_1_1=  0.935000000000001E+00  0.260174606491115E+02  0.406496490654232E+02
     chi_1_1=  0.936000000000001E+00  0.256619351060110E+02  0.414694452020227E+02
     chi_1_1=  0.937000000000001E+00  0.246231614405626E+02  0.415870178100796E+02
     chi_1_1=  0.938000000000001E+00  0.239786385161571E+02  0.407980285541204E+02
     chi_1_1=  0.939000000000001E+00  0.242910430125821E+02  0.400195325833572E+02
     chi_1_1=  0.940000000000001E+00  0.249704227072748E+02  0.400878214359961E+02
     chi_1_1=  0.941000000000001E+00  0.250280636568588E+02  0.408412368910928E+02
     chi_1_1=  0.942000000000001E+00  0.241765928282851E+02  0.412844279542595E+02
     chi_1_1=  0.943000000000001E+00  0.232635705118759E+02  0.407424900036201E+02
     chi_1_1=  0.944000000000001E+00  0.232215235653308E+02  0.397700450317649E+02
     chi_1_1=  0.945000000000001E+00  0.238968030213596E+02  0.393920671804043E+02
     chi_1_1=  0.946000000000001E+00  0.243381845665561E+02  0.398956892027083E+02
     chi_1_1=  0.947000000000001E+00  0.238589556688813E+02  0.405473976098567E+02
     chi_1_1=  0.948000000000001E+00  0.228701613555174E+02  0.403774359981999E+02
     chi_1_1=  0.949000000000001E+00  0.224487135914162E+02  0.394182225593758E+02
     chi_1_1=  0.950000000000001E+00  0.229463332400772E+02  0.386530080242753E+02
     chi_1_1=  0.951000000000001E+00  0.236508451045020E+02  0.387687986022319E+02
     chi_1_1=  0.952000000000001E+00  0.236434596966776E+02  0.394422636439049E+02
     chi_1_1=  0.953000000000001E+00  0.228166504512408E+02  0.396678540789222E+02
     chi_1_1=  0.954000000000001E+00  0.220951145752254E+02  0.389438426117991E+02
     chi_1_1=  0.955000000000001E+00  0.222725160236265E+02  0.379463220031053E+02
     chi_1_1=  0.956000000000001E+00  0.230536893264799E+02  0.376192634294922E+02
     chi_1_1=  0.957000000000001E+00  0.235002807881794E+02  0.381089391228320E+02
     chi_1_1=  0.958000000000001E+00  0.230499677298867E+02  0.386307945653942E+02
     chi_1_1=  0.959000000000001E+00  0.222138131826445E+02  0.383119638515639E+02
     chi_1_1=  0.960000000000001E+00  0.220073479100041E+02  0.373110787301785E+02
     chi_1_1=  0.961000000000001E+00  0.226552794824649E+02  0.365914568304815E+02
     chi_1_1=  0.962000000000001E+00  0.234230800000732E+02  0.367324470310874E+02
     chi_1_1=  0.963000000000001E+00  0.234692559515984E+02  0.373524388014685E+02
     chi_1_1=  0.964000000000001E+00  0.227693308980441E+02  0.374898708290230E+02
     chi_1_1=  0.965000000000001E+00  0.222350069693190E+02  0.367371028250687E+02
     chi_1_1=  0.966000000000001E+00  0.225701226559719E+02  0.357835238609087E+02
     chi_1_1=  0.967000000000001E+00  0.234454008419934E+02  0.355006247215391E+02
     chi_1_1=  0.968000000000001E+00  0.239711519084509E+02  0.359858777442291E+02
     chi_1_1=  0.969000000000001E+00  0.236424447906682E+02  0.364796457851982E+02
     chi_1_1=  0.970000000000001E+00  0.229658319332334E+02  0.361696592602752E+02
     chi_1_1=  0.971000000000001E+00  0.228984773336586E+02  0.352264978282577E+02
     chi_1_1=  0.972000000000001E+00  0.236401090055734E+02  0.345628072825686E+02
     chi_1_1=  0.973000000000001E+00  0.244955971284957E+02  0.347224082955308E+02
     chi_1_1=  0.974000000000001E+00  0.246681102547054E+02  0.353508956173827E+02
     chi_1_1=  0.975000000000001E+00  0.241181381694084E+02  0.355392807698598E+02
     chi_1_1=  0.976000000000001E+00  0.237000223699784E+02  0.348780096330695E+02
     chi_1_1=  0.977000000000001E+00  0.241041532299451E+02  0.340001737987668E+02
     chi_1_1=  0.978000000000001E+00  0.250497260156907E+02  0.337460459985404E+02
     chi_1_1=  0.979000000000001E+00  0.256972426682008E+02  0.342478155572876E+02
     chi_1_1=  0.980000000000001E+00  0.255256776640265E+02  0.348137817939797E+02
     chi_1_1=  0.981000000000001E+00  0.249616697637316E+02  0.346376553318337E+02
     chi_1_1=  0.982000000000001E+00  0.249327786194059E+02  0.338100306363173E+02
     chi_1_1=  0.983000000000001E+00  0.257032456516603E+02  0.331905110163192E+02
     chi_1_1=  0.984000000000001E+00  0.266518752687191E+02  0.333579497615005E+02
     chi_1_1=  0.985000000000001E+00  0.269856996463681E+02  0.340465980620488E+02
     chi_1_1=  0.986000000000001E+00  0.265720269298987E+02  0.343933229789380E+02
     chi_1_1=  0.987000000000001E+00  0.261828387692815E+02  0.339053214683117E+02
     chi_1_1=  0.988000000000001E+00  0.265638134210866E+02  0.331102285900244E+02
     chi_1_1=  0.989000000000001E+00  0.275459084424479E+02  0.328587466301133E+02
     chi_1_1=  0.990000000000001E+00  0.283334913101109E+02  0.333841389109422E+02
     chi_1_1=  0.991000000000001E+00  0.283310258195626E+02  0.340918770856714E+02
     chi_1_1=  0.992000000000001E+00  0.278272883393634E+02  0.341399785592707E+02
     chi_1_1=  0.993000000000001E+00  0.277397019925430E+02  0.334653246933404E+02
     chi_1_1=  0.994000000000001E+00  0.284699449914864E+02  0.328690030915946E+02
     chi_1_1=  0.995000000000001E+00  0.295006183977270E+02  0.330215038555080E+02
     chi_1_1=  0.996000000000001E+00  0.300131294285376E+02  0.337946001724093E+02
     chi_1_1=  0.997000000000001E+00  0.297230225027098E+02  0.343733190898851E+02
     chi_1_1=  0.998000000000001E+00  0.292881778565647E+02  0.341239719012219E+02
     chi_1_1=  0.999000000000001E+00  0.295552658871845E+02  0.334166513048039E+02
